# PHOTON ASCII

struct ORGANIC[N] {
	X
	Y
	ENERGY
}

struct BARRIER[N] {
	X
	Y
}

struct ER {
	FIDX
	RIDX
	STATE[N] {
		VALUE
	}
}

struct KFMO {
	MAX_CODE_BLOCKS
	MAX_APPLY
	PROB_MUTATE_CODEBLOCK
	PROB_DUPLICATE
	PROB_DELETE
	PROB_INSERT
	PROB_TRANSPOSE
	PROB_MODIFY
}

struct SPORE {
	X
	Y
	ENERGY
	PARENT
	STRAIN
	SFLAGS
	PROGRAM[N] {
		TEXT_LINE
	}
}

struct CELL {
	ORGANISM_ID
	X
	Y
	MOOD
	MESSAGE

	MACHINE {
		TERMINATED
		CB
		PC
		R[N] {
			VALUE
		}

		CALL_STACK[N] {
			CB
			PC
		}

		DATA_STACK[N] {
			VALUE
		}
	}
}

struct ORGANISM {
	ORGANISM_ID
	STRAIN
	OFLAGS
	PARENT1
	PARENT2
	GENERATION
	ENERGY
	AGE
	PROGRAM[N] {
		TEXT_LINE
	}
}

struct KEYLIST {
	KEY
	VALUE
}
struct PLAYER {
	TERMINATED
	X
	Y
	ENERGY
	AGE
	CMD {
		TYPE
		X
		Y
	}
}

struct UNIVERSE {
	SEED
	STEP
	NEXT_ID
	NBORN
	NDIE
	WIDTH
	HEIGHT
}

UNIVERSE 18432796 0 2 0 0 450 500

ER 1 0 63
	774276490	-1389034165	-980240516	1507390940
	-514721979	2001722546	-596421935	-1614462642
	-237523744	1872884221	1210363836	-960597301
	-2017763489	-944889333	-1390985603	1402572344
	233112915	518957162	541573230	-1492333926
	-1526844786	-431400741	225186757	-1263757636
	-194005783	-844870547	880470244	-1162192165
	-1933094712	-1126393643	-862334178	450041736
	-813711444	1354529219	-1821206214	-734067330
	-1249068122	-1150122135	-1144705124	-1823310623
	1618714573	-665382515	-2075602203	837856495
	-731773159	18100944	462692931	-1667659347
	-1369295746	-1329752136	1338717356	556644913
	1237118396	-768234405	1718771651	1237281732
	1961205071	1836897692	-1935156316	1480902068
	-1218130577	-1661935981	-1911793777


KFMO
	100
	1
	2500
	200
	800
	200
	200
	200


BARRIER {
	0	215
	0	216
	0	217
	0	218
	0	219
	0	220
	0	221
	0	222
	0	223
	0	224
	0	225
	0	226
	0	227
	0	228
	0	229
	0	230
	0	231
	0	232
	0	233
	0	234
	0	235
	0	236
	0	237
	0	238
	0	239
	0	240
	0	241
	0	242
	0	243
	0	244
	0	245
	0	246
	0	247
	0	248
	0	249
	0	250
	0	251
	0	252
	0	253
	0	254
	0	255
	0	256
	0	257
	0	258
	0	259
	0	260
	0	261
	0	262
	0	263
	0	264
	0	265
	0	266
	0	267
	0	268
	0	269
	0	270
	0	271
	0	272
	0	273
	0	274
	0	275
	0	276
	0	277
	0	278
	0	279
	0	280
	0	281
	0	282
	0	283
	0	284
	1	207
	1	208
	1	209
	1	210
	1	211
	1	212
	1	213
	1	214
	1	215
	1	216
	1	217
	1	218
	1	219
	1	220
	1	221
	1	222
	1	223
	1	224
	1	225
	1	226
	1	227
	1	228
	1	229
	1	230
	1	231
	1	232
	1	233
	1	234
	1	235
	1	236
	1	237
	1	238
	1	239
	1	240
	1	241
	1	242
	1	243
	1	244
	1	245
	1	246
	1	247
	1	248
	1	249
	1	250
	1	251
	1	252
	1	253
	1	254
	1	255
	1	256
	1	257
	1	258
	1	259
	1	260
	1	261
	1	262
	1	263
	1	264
	1	265
	1	266
	1	267
	1	268
	1	269
	1	270
	1	271
	1	272
	1	273
	1	274
	1	275
	1	276
	1	277
	1	278
	1	279
	1	280
	1	281
	1	282
	1	283
	1	284
	1	285
	1	286
	1	287
	1	288
	1	289
	1	290
	1	291
	1	292
	2	204
	2	205
	2	206
	2	207
	2	208
	2	209
	2	210
	2	211
	2	212
	2	213
	2	214
	2	215
	2	216
	2	217
	2	218
	2	219
	2	220
	2	221
	2	222
	2	277
	2	278
	2	279
	2	280
	2	281
	2	282
	2	283
	2	284
	2	285
	2	286
	2	287
	2	288
	2	289
	2	290
	2	291
	2	292
	2	293
	2	294
	2	295
	3	196
	3	197
	3	198
	3	199
	3	200
	3	201
	3	202
	3	203
	3	204
	3	205
	3	206
	3	207
	3	208
	3	209
	3	210
	3	211
	3	212
	3	213
	3	214
	3	285
	3	286
	3	287
	3	288
	3	289
	3	290
	3	291
	3	292
	3	293
	3	294
	3	295
	3	296
	3	297
	3	298
	3	299
	3	300
	3	301
	3	302
	3	303
	4	192
	4	193
	4	194
	4	195
	4	196
	4	197
	4	198
	4	199
	4	200
	4	201
	4	202
	4	203
	4	204
	4	205
	4	206
	4	293
	4	294
	4	295
	4	296
	4	297
	4	298
	4	299
	4	300
	4	301
	4	302
	4	303
	4	304
	4	305
	4	306
	4	307
	5	188
	5	189
	5	190
	5	191
	5	192
	5	193
	5	194
	5	195
	5	196
	5	197
	5	198
	5	199
	5	200
	5	201
	5	202
	5	203
	5	296
	5	297
	5	298
	5	299
	5	300
	5	301
	5	302
	5	303
	5	304
	5	305
	5	306
	5	307
	5	308
	5	309
	5	310
	5	311
	6	184
	6	185
	6	186
	6	187
	6	188
	6	189
	6	190
	6	191
	6	192
	6	193
	6	194
	6	195
	6	304
	6	305
	6	306
	6	307
	6	308
	6	309
	6	310
	6	311
	6	312
	6	313
	6	314
	6	315
	7	180
	7	181
	7	182
	7	183
	7	184
	7	185
	7	186
	7	187
	7	188
	7	189
	7	190
	7	191
	7	308
	7	309
	7	310
	7	311
	7	312
	7	313
	7	314
	7	315
	7	316
	7	317
	7	318
	7	319
	8	176
	8	177
	8	178
	8	179
	8	180
	8	181
	8	182
	8	183
	8	184
	8	185
	8	186
	8	187
	8	312
	8	313
	8	314
	8	315
	8	316
	8	317
	8	318
	8	319
	8	320
	8	321
	8	322
	8	323
	9	173
	9	174
	9	175
	9	176
	9	177
	9	178
	9	179
	9	180
	9	181
	9	182
	9	183
	9	316
	9	317
	9	318
	9	319
	9	320
	9	321
	9	322
	9	323
	9	324
	9	325
	9	326
	10	169
	10	170
	10	171
	10	172
	10	173
	10	174
	10	175
	10	176
	10	177
	10	178
	10	179
	10	320
	10	321
	10	322
	10	323
	10	324
	10	325
	10	326
	10	327
	10	328
	10	329
	10	330
	11	165
	11	166
	11	167
	11	168
	11	169
	11	170
	11	171
	11	172
	11	173
	11	174
	11	175
	11	324
	11	325
	11	326
	11	327
	11	328
	11	329
	11	330
	11	331
	11	332
	11	333
	11	334
	12	161
	12	162
	12	163
	12	164
	12	165
	12	166
	12	167
	12	168
	12	169
	12	170
	12	171
	12	172
	12	327
	12	328
	12	329
	12	330
	12	331
	12	332
	12	333
	12	334
	12	335
	12	336
	12	337
	12	338
	13	159
	13	160
	13	161
	13	162
	13	163
	13	164
	13	165
	13	166
	13	167
	13	168
	13	331
	13	332
	13	333
	13	334
	13	335
	13	336
	13	337
	13	338
	13	339
	13	340
	14	158
	14	159
	14	160
	14	161
	14	162
	14	163
	14	164
	14	335
	14	336
	14	337
	14	338
	14	339
	14	340
	14	341
	15	154
	15	155
	15	156
	15	157
	15	158
	15	159
	15	160
	15	339
	15	340
	15	341
}
BARRIER {
	15	342
	15	343
	15	344
	15	345
	16	150
	16	151
	16	152
	16	153
	16	154
	16	155
	16	156
	16	157
	16	158
	16	341
	16	342
	16	343
	16	344
	16	345
	16	346
	16	347
	16	348
	16	349
	17	148
	17	149
	17	150
	17	151
	17	152
	17	153
	17	154
	17	155
	17	156
	17	157
	17	342
	17	343
	17	344
	17	345
	17	346
	17	347
	17	348
	17	349
	17	350
	17	351
	18	146
	18	147
	18	148
	18	149
	18	150
	18	151
	18	152
	18	153
	18	346
	18	347
	18	348
	18	349
	18	350
	18	351
	18	352
	18	353
	19	144
	19	145
	19	146
	19	147
	19	148
	19	149
	19	350
	19	351
	19	352
	19	353
	19	354
	19	355
	20	143
	20	144
	20	145
	20	146
	20	147
	20	352
	20	353
	20	354
	20	355
	20	356
	21	139
	21	140
	21	141
	21	142
	21	143
	21	144
	21	145
	21	354
	21	355
	21	356
	21	357
	21	358
	21	359
	21	360
	22	137
	22	138
	22	139
	22	140
	22	141
	22	142
	22	143
	22	356
	22	357
	22	358
	22	359
	22	360
	22	361
	22	362
	23	135
	23	136
	23	137
	23	138
	23	139
	23	140
	23	141
	23	142
	23	357
	23	358
	23	359
	23	360
	23	361
	23	362
	23	363
	23	364
	24	133
	24	134
	24	135
	24	136
	24	137
	24	138
	24	361
	24	362
	24	363
	24	364
	24	365
	24	366
	25	132
	25	133
	25	134
	25	135
	25	136
	25	363
	25	364
	25	365
	25	366
	25	367
	26	128
	26	129
	26	130
	26	131
	26	132
	26	133
	26	134
	26	365
	26	366
	26	367
	26	368
	26	369
	26	370
	26	371
	27	126
	27	127
	27	128
	27	129
	27	130
	27	131
	27	132
	27	367
	27	368
	27	369
	27	370
	27	371
	27	372
	27	373
	28	124
	28	125
	28	126
	28	127
	28	128
	28	129
	28	130
	28	131
	28	368
	28	369
	28	370
	28	371
	28	372
	28	373
	28	374
	28	375
	29	122
	29	123
	29	124
	29	125
	29	126
	29	127
	29	372
	29	373
	29	374
	29	375
	29	376
	29	377
	30	121
	30	122
	30	123
	30	124
	30	125
	30	374
	30	375
	30	376
	30	377
	30	378
	31	119
	31	120
	31	121
	31	122
	31	123
	31	376
	31	377
	31	378
	31	379
	31	380
	32	117
	32	118
	32	119
	32	120
	32	121
	32	378
	32	379
	32	380
	32	381
	32	382
	33	115
	33	116
	33	117
	33	118
	33	119
	33	120
	33	379
	33	380
	33	381
	33	382
	33	383
	33	384
	34	114
	34	115
	34	116
	34	117
	34	118
	34	381
	34	382
	34	383
	34	384
	34	385
	35	112
	35	113
	35	114
	35	115
	35	116
	35	383
	35	384
	35	385
	35	386
	35	387
	36	110
	36	111
	36	112
	36	113
	36	114
	36	385
	36	386
	36	387
	36	388
	36	389
	37	108
	37	109
	37	110
	37	111
	37	112
	37	113
	37	386
	37	387
	37	388
	37	389
	37	390
	37	391
	38	106
	38	107
	38	108
	38	109
	38	110
	38	111
	38	388
	38	389
	38	390
	38	391
	38	392
	39	105
	39	106
	39	107
	39	108
	39	109
	39	390
	39	391
	39	392
	39	393
	39	394
	40	104
	40	105
	40	106
	40	107
	40	392
	40	393
	40	394
	40	395
	41	103
	41	104
	41	105
	41	393
	41	394
	41	395
	41	396
	41	397
	42	101
	42	102
	42	103
	42	104
	42	395
	42	396
	42	397
	42	398
	43	100
	43	101
	43	102
	43	103
	43	396
	43	397
	43	398
	43	399
	44	98
	44	99
	44	100
	44	101
	44	102
	44	398
	44	399
	44	400
	44	401
	45	96
	45	97
	45	98
	45	99
	45	100
	45	399
	45	400
	45	401
	45	402
	45	403
	46	95
	46	96
	46	97
	46	98
	46	99
	46	400
	46	401
	46	402
	46	403
	46	404
	47	94
	47	95
	47	96
	47	97
	47	402
	47	403
	47	404
	47	405
	48	93
	48	94
	48	95
	48	404
	48	405
	48	406
	49	91
	49	92
	49	93
	49	94
	49	405
	49	406
	49	407
	49	408
	50	90
	50	91
	50	92
	50	93
	50	406
	50	407
	50	408
	50	409
	51	89
	51	90
	51	91
	51	92
	51	407
	51	408
	51	409
	51	410
	52	88
	52	89
	52	90
	52	409
	52	410
	52	411
	53	87
	53	88
	53	89
	53	410
	53	411
	53	412
	54	85
	54	86
	54	87
	54	88
	54	411
	54	412
	54	413
	54	414
	55	83
	55	84
	55	85
	55	86
	55	87
	55	412
	55	413
	55	414
	55	415
	55	416
	56	82
	56	83
	56	84
	56	85
	56	86
	56	413
	56	414
	56	415
	56	416
	56	417
	57	81
	57	82
	57	83
	57	84
	57	415
	57	416
	57	417
	57	418
	58	80
	58	81
	58	82
	58	417
	58	418
	58	419
	59	79
	59	80
	59	81
	59	418
	59	419
	59	420
	60	78
	60	79
	60	80
	60	419
	60	420
	60	421
	61	77
	61	78
	61	79
	61	420
	61	421
	61	422
	62	75
	62	76
	62	77
	62	78
	62	421
	62	422
	62	423
	62	424
	63	74
	63	75
	63	76
	63	77
	63	422
	63	423
	63	424
	63	425
	64	73
	64	74
	64	75
	64	76
	64	423
	64	424
}
BARRIER {
	64	425
	64	426
	65	72
	65	73
	65	74
	65	425
	65	426
	65	427
	66	71
	66	72
	66	73
	66	426
	66	427
	66	428
	67	70
	67	71
	67	72
	67	427
	67	428
	67	429
	68	69
	68	70
	68	71
	68	428
	68	429
	68	430
	69	68
	69	69
	69	70
	69	429
	69	430
	69	431
	70	67
	70	68
	70	69
	70	430
	70	431
	70	432
	71	66
	71	67
	71	68
	71	431
	71	432
	71	433
	72	65
	72	66
	72	67
	72	432
	72	433
	72	434
	73	64
	73	65
	73	66
	73	433
	73	434
	73	435
	74	63
	74	64
	74	65
	74	434
	74	435
	74	436
	75	62
	75	63
	75	64
	75	435
	75	436
	75	437
	76	61
	76	62
	76	63
	76	436
	76	437
	76	438
	77	60
	77	61
	77	62
	77	437
	77	438
	77	439
	78	59
	78	60
	78	61
	78	438
	78	439
	78	440
	79	58
	79	59
	79	60
	79	439
	79	440
	79	441
	80	57
	80	58
	80	59
	80	440
	80	441
	80	442
	81	56
	81	57
	81	58
	81	441
	81	442
	81	443
	82	55
	82	56
	82	57
	82	442
	82	443
	82	444
	83	54
	83	55
	83	56
	83	443
	83	444
	83	445
	84	53
	84	54
	84	55
	84	444
	84	445
	84	446
	85	52
	85	53
	85	54
	85	445
	85	446
	85	447
	86	51
	86	52
	86	53
	86	446
	86	447
	86	448
	87	50
	87	51
	87	52
	87	446
	87	447
	87	448
	88	49
	88	50
	88	51
	88	447
	88	448
	88	449
	89	48
	89	49
	89	50
	89	448
	89	449
	89	450
	90	48
	90	49
	90	50
	90	449
	90	450
	90	451
	91	47
	91	48
	91	49
	91	449
	91	450
	91	451
	92	46
	92	47
	92	48
	92	450
	92	451
	92	452
	93	46
	93	47
	93	48
	93	451
	93	452
	93	453
	94	45
	94	46
	94	47
	94	452
	94	453
	94	454
	95	44
	95	45
	95	46
	95	453
	95	454
	95	455
	96	43
	96	44
	96	45
	96	454
	96	455
	96	456
	97	42
	97	43
	97	44
	97	454
	97	455
	97	456
	98	42
	98	43
	98	44
	98	455
	98	456
	98	457
	99	41
	99	42
	99	43
	99	455
	99	456
	99	457
	100	41
	100	42
	100	43
	100	456
	100	457
	100	458
	101	40
	101	41
	101	42
	101	457
	101	458
	101	459
	102	39
	102	40
	102	41
	102	458
	102	459
	102	460
	103	38
	103	39
	103	40
	103	459
	103	460
	103	461
	104	37
	104	38
	104	39
	104	459
	104	460
	104	461
	105	37
	105	38
	105	39
	105	460
	105	461
	105	462
	106	36
	106	37
	106	38
	106	460
	106	461
	106	462
	107	36
	107	37
	107	38
	107	461
	107	462
	107	463
	108	35
	108	36
	108	37
	108	462
	108	463
	108	464
	109	34
	109	35
	109	36
	109	463
	109	464
	109	465
	110	33
	110	34
	110	35
	110	464
	110	465
	110	466
	111	32
	111	33
	111	34
	111	464
	111	465
	111	466
	112	32
	112	33
	112	34
	112	465
	112	466
	112	467
	113	31
	113	32
	113	33
	113	465
	113	466
	113	467
	114	31
	114	32
	114	33
	114	466
	114	467
	114	468
	115	30
	115	31
	115	32
	115	466
	115	467
	115	468
	116	29
	116	30
	116	31
	116	467
	116	468
	116	469
	117	29
	117	30
	117	31
	117	468
	117	469
	117	470
	118	28
	118	29
	118	30
	118	468
	118	469
	118	470
	119	28
	119	29
	119	30
	119	469
	119	470
	119	471
	120	27
	120	28
	120	29
	120	469
	120	470
	120	471
	121	27
	121	28
	121	29
	121	470
	121	471
	121	472
	122	26
	122	27
	122	28
	122	470
	122	471
	122	472
	123	25
	123	26
	123	27
	123	471
	123	472
	123	473
	124	24
	124	25
	124	26
	124	472
	124	473
	124	474
	125	24
	125	25
	125	26
	125	473
	125	474
	125	475
	126	23
	126	24
	126	25
	126	473
	126	474
	126	475
	127	23
	127	24
	127	25
	127	474
	127	475
	127	476
	128	22
	128	23
	128	24
	128	474
	128	475
	128	476
	129	22
	129	23
	129	24
	129	475
	129	476
	129	477
	130	21
	130	22
	130	23
	130	475
	130	476
	130	477
	131	20
	131	21
	131	22
	131	476
	131	477
	131	478
	132	20
	132	21
	132	22
	132	477
	132	478
	132	479
	133	19
	133	20
	133	21
	133	477
	133	478
	133	479
	134	19
	134	20
	134	21
	134	477
	134	478
	134	479
	135	19
	135	20
	135	21
	135	477
	135	478
	135	479
	136	19
	136	20
	136	21
	136	478
	136	479
	136	480
	137	18
	137	19
	137	20
	137	478
	137	479
	137	480
	138	18
	138	19
	138	20
	138	479
	138	480
	138	481
	139	17
	139	18
	139	19
	139	479
	139	480
	139	481
	140	17
	140	18
	140	19
	140	480
	140	481
	140	482
	141	16
	141	17
	141	18
	141	480
	141	481
	141	482
	142	16
	142	17
	142	18
	142	481
	142	482
	142	483
	143	15
	143	16
	143	17
	143	481
	143	482
	143	483
	144	15
	144	16
	144	17
	144	482
	144	483
	144	484
	145	14
	145	15
	145	16
	145	482
	145	483
	145	484
	146	14
	146	15
	146	16
	146	483
	146	484
	146	485
	147	13
	147	14
	147	15
	147	483
	147	484
	147	485
}
BARRIER {
	148	13
	148	14
	148	15
	148	484
	148	485
	148	486
	149	12
	149	13
	149	14
	149	484
	149	485
	149	486
	150	12
	150	13
	150	14
	150	484
	150	485
	150	486
	151	12
	151	13
	151	14
	151	484
	151	485
	151	486
	152	12
	152	13
	152	14
	152	485
	152	486
	152	487
	153	11
	153	12
	153	13
	153	485
	153	486
	153	487
	154	11
	154	12
	154	13
	154	486
	154	487
	154	488
	155	10
	155	11
	155	12
	155	486
	155	487
	155	488
	156	10
	156	11
	156	12
	156	487
	156	488
	156	489
	157	9
	157	10
	157	11
	157	487
	157	488
	157	489
	158	9
	158	10
	158	11
	158	487
	158	488
	158	489
	159	9
	159	10
	159	11
	159	487
	159	488
	159	489
	160	9
	160	10
	160	11
	160	488
	160	489
	160	490
	161	8
	161	9
	161	10
	161	488
	161	489
	161	490
	162	8
	162	9
	162	10
	162	488
	162	489
	162	490
	163	8
	163	9
	163	10
	163	488
	163	489
	163	490
	164	8
	164	9
	164	10
	164	489
	164	490
	164	491
	165	7
	165	8
	165	9
	165	489
	165	490
	165	491
	166	7
	166	8
	166	9
	166	489
	166	490
	166	491
	167	6
	167	7
	167	8
	167	490
	167	491
	167	492
	168	6
	168	7
	168	8
	168	490
	168	491
	168	492
	169	6
	169	7
	169	8
	169	491
	169	492
	169	493
	170	5
	170	6
	170	7
	170	491
	170	492
	170	493
	171	5
	171	6
	171	7
	171	491
	171	492
	171	493
	172	5
	172	6
	172	7
	172	491
	172	492
	172	493
	173	5
	173	6
	173	7
	173	492
	173	493
	173	494
	174	4
	174	5
	174	6
	174	492
	174	493
	174	494
	175	4
	175	5
	175	6
	175	492
	175	493
	175	494
	176	4
	176	5
	176	6
	176	492
	176	493
	176	494
	177	4
	177	5
	177	6
	177	493
	177	494
	177	495
	178	3
	178	4
	178	5
	178	493
	178	494
	178	495
	179	3
	179	4
	179	5
	179	493
	179	494
	179	495
	180	3
	180	4
	180	5
	180	493
	180	494
	180	495
	181	3
	181	4
	181	5
	181	494
	181	495
	181	496
	182	2
	182	3
	182	4
	182	494
	182	495
	182	496
	183	2
	183	3
	183	4
	183	494
	183	495
	183	496
	184	2
	184	3
	184	4
	184	494
	184	495
	184	496
	185	2
	185	3
	185	4
	185	494
	185	495
	185	496
	186	2
	186	3
	186	4
	186	495
	186	496
	186	497
	187	1
	187	2
	187	3
	187	495
	187	496
	187	497
	188	1
	188	2
	188	3
	188	495
	188	496
	188	497
	189	1
	189	2
	189	3
	189	495
	189	496
	189	497
	190	1
	190	2
	190	3
	190	496
	190	497
	190	498
	191	1
	191	2
	191	3
	191	496
	191	497
	191	498
	192	1
	192	2
	192	3
	192	496
	192	497
	192	498
	193	1
	193	2
	193	3
	193	496
	193	497
	193	498
	194	1
	194	2
	194	3
	194	496
	194	497
	194	498
	195	0
	195	1
	195	2
	195	496
	195	497
	195	498
	196	0
	196	1
	196	2
	196	496
	196	497
	196	498
	197	0
	197	1
	197	2
	197	496
	197	497
	197	498
	198	0
	198	1
	198	2
	198	497
	198	498
	198	499
	199	0
	199	1
	199	2
	199	497
	199	498
	199	499
	200	0
	200	1
	200	2
	200	497
	200	498
	200	499
	201	0
	201	1
	201	2
	201	497
	201	498
	201	499
	202	0
	202	1
	202	2
	202	497
	202	498
	202	499
	203	0
	203	1
	203	2
	203	497
	203	498
	203	499
	204	0
	204	1
	204	497
	204	498
	204	499
	205	0
	205	1
	205	497
	205	498
	205	499
	206	0
	206	1
	206	497
	206	498
	206	499
	207	0
	207	1
	207	498
	207	499
	208	0
	208	1
	208	498
	208	499
	209	0
	209	1
	209	498
	209	499
	210	0
	210	1
	210	498
	210	499
	211	0
	211	1
	211	498
	211	499
	212	0
	212	1
	212	498
	212	499
	213	0
	213	1
	213	498
	213	499
	214	0
	214	1
	214	498
	214	499
	215	0
	215	1
	215	498
	215	499
	216	0
	216	1
	216	498
	216	499
	217	0
	217	1
	217	498
	217	499
	218	0
	218	1
	218	498
	218	499
	219	0
	219	1
	219	498
	219	499
	220	0
	220	1
	220	498
	220	499
	221	0
	221	1
	221	498
	221	499
	222	0
	222	1
	222	498
	222	499
	223	0
	223	1
	223	498
	223	499
	224	0
	224	1
	224	498
	224	499
	225	0
	225	1
	225	499
	226	0
	226	1
	226	498
	226	499
	227	0
	227	1
	227	498
	227	499
	228	0
	228	1
	228	498
	228	499
	229	0
	229	1
	229	498
	229	499
	230	0
	230	1
	230	498
	230	499
	231	0
	231	1
	231	498
	231	499
	232	0
	232	1
	232	498
	232	499
	233	0
	233	1
	233	498
	233	499
	234	0
	234	1
	234	498
	234	499
	235	0
	235	1
	235	498
	235	499
	236	0
	236	1
	236	498
	236	499
	237	0
	237	1
	237	498
	237	499
	238	0
	238	1
	238	498
	238	499
	239	0
	239	1
	239	498
	239	499
	240	0
	240	1
	240	498
	240	499
	241	0
	241	1
	241	498
	241	499
	242	0
	242	1
	242	498
	242	499
	243	0
	243	1
	243	497
	243	498
	243	499
	244	0
}
BARRIER {
	244	1
	244	497
	244	498
	244	499
	245	0
	245	1
	245	497
	245	498
	245	499
	246	0
	246	1
	246	2
	246	497
	246	498
	246	499
	247	0
	247	1
	247	2
	247	497
	247	498
	247	499
	248	0
	248	1
	248	2
	248	497
	248	498
	248	499
	249	0
	249	1
	249	2
	249	497
	249	498
	249	499
	250	0
	250	1
	250	2
	250	497
	250	498
	250	499
	251	0
	251	1
	251	2
	251	497
	251	498
	251	499
	252	0
	252	1
	252	2
	252	496
	252	497
	252	498
	253	0
	253	1
	253	2
	253	496
	253	497
	253	498
	254	0
	254	1
	254	2
	254	496
	254	497
	254	498
	255	1
	255	2
	255	3
	255	496
	255	497
	255	498
	256	1
	256	2
	256	3
	256	496
	256	497
	256	498
	257	1
	257	2
	257	3
	257	496
	257	497
	257	498
	258	1
	258	2
	258	3
	258	496
	258	497
	258	498
	259	1
	259	2
	259	3
	259	496
	259	497
	259	498
	260	1
	260	2
	260	3
	260	495
	260	496
	260	497
	261	1
	261	2
	261	3
	261	495
	261	496
	261	497
	262	1
	262	2
	262	3
	262	495
	262	496
	262	497
	263	2
	263	3
	263	4
	263	495
	263	496
	263	497
	264	2
	264	3
	264	4
	264	494
	264	495
	264	496
	265	2
	265	3
	265	4
	265	494
	265	495
	265	496
	266	2
	266	3
	266	4
	266	494
	266	495
	266	496
	267	2
	267	3
	267	4
	267	494
	267	495
	267	496
	268	3
	268	4
	268	5
	268	494
	268	495
	268	496
	269	3
	269	4
	269	5
	269	493
	269	494
	269	495
	270	3
	270	4
	270	5
	270	493
	270	494
	270	495
	271	3
	271	4
	271	5
	271	493
	271	494
	271	495
	272	4
	272	5
	272	6
	272	493
	272	494
	272	495
	273	4
	273	5
	273	6
	273	492
	273	493
	273	494
	274	4
	274	5
	274	6
	274	492
	274	493
	274	494
	275	4
	275	5
	275	6
	275	492
	275	493
	275	494
	276	5
	276	6
	276	7
	276	492
	276	493
	276	494
	277	5
	277	6
	277	7
	277	491
	277	492
	277	493
	278	5
	278	6
	278	7
	278	491
	278	492
	278	493
	279	5
	279	6
	279	7
	279	491
	279	492
	279	493
	280	6
	280	7
	280	8
	280	491
	280	492
	280	493
	281	6
	281	7
	281	8
	281	490
	281	491
	281	492
	282	6
	282	7
	282	8
	282	490
	282	491
	282	492
	283	7
	283	8
	283	9
	283	489
	283	490
	283	491
	284	7
	284	8
	284	9
	284	489
	284	490
	284	491
	285	8
	285	9
	285	10
	285	489
	285	490
	285	491
	286	8
	286	9
	286	10
	286	488
	286	489
	286	490
	287	8
	287	9
	287	10
	287	488
	287	489
	287	490
	288	8
	288	9
	288	10
	288	488
	288	489
	288	490
	289	9
	289	10
	289	11
	289	488
	289	489
	289	490
	290	9
	290	10
	290	11
	290	487
	290	488
	290	489
	291	9
	291	10
	291	11
	291	487
	291	488
	291	489
	292	9
	292	10
	292	11
	292	487
	292	488
	292	489
	293	10
	293	11
	293	12
	293	487
	293	488
	293	489
	294	10
	294	11
	294	12
	294	486
	294	487
	294	488
	295	11
	295	12
	295	13
	295	486
	295	487
	295	488
	296	11
	296	12
	296	13
	296	485
	296	486
	296	487
	297	12
	297	13
	297	14
	297	485
	297	486
	297	487
	298	12
	298	13
	298	14
	298	484
	298	485
	298	486
	299	12
	299	13
	299	14
	299	484
	299	485
	299	486
	300	12
	300	13
	300	14
	300	484
	300	485
	300	486
	301	13
	301	14
	301	15
	301	484
	301	485
	301	486
	302	13
	302	14
	302	15
	302	483
	302	484
	302	485
	303	14
	303	15
	303	16
	303	483
	303	484
	303	485
	304	14
	304	15
	304	16
	304	482
	304	483
	304	484
	305	15
	305	16
	305	17
	305	482
	305	483
	305	484
	306	15
	306	16
	306	17
	306	481
	306	482
	306	483
	307	16
	307	17
	307	18
	307	481
	307	482
	307	483
	308	16
	308	17
	308	18
	308	480
	308	481
	308	482
	309	17
	309	18
	309	19
	309	480
	309	481
	309	482
	310	17
	310	18
	310	19
	310	479
	310	480
	310	481
	311	18
	311	19
	311	20
	311	479
	311	480
	311	481
	312	18
	312	19
	312	20
	312	478
	312	479
	312	480
	313	19
	313	20
	313	21
	313	478
	313	479
	313	480
	314	19
	314	20
	314	21
	314	477
	314	478
	314	479
	315	19
	315	20
	315	21
	315	477
	315	478
	315	479
	316	19
	316	20
	316	21
	316	477
	316	478
	316	479
	317	20
	317	21
	317	22
	317	477
	317	478
	317	479
	318	20
	318	21
	318	22
	318	476
	318	477
	318	478
	319	21
	319	22
	319	23
	319	475
	319	476
	319	477
	320	22
	320	23
	320	24
	320	474
	320	475
	320	476
	321	22
	321	23
	321	24
	321	474
	321	475
	321	476
	322	23
	322	24
	322	25
	322	474
	322	475
	322	476
	323	23
	323	24
	323	25
	323	473
	323	474
	323	475
	324	24
	324	25
	324	26
	324	473
	324	474
	324	475
	325	24
	325	25
	325	26
	325	472
	325	473
	325	474
	326	25
	326	26
	326	27
	326	471
	326	472
	326	473
	327	26
	327	27
	327	28
	327	470
	327	471
}
BARRIER {
	327	472
	328	27
	328	28
	328	29
	328	470
	328	471
	328	472
	329	27
	329	28
	329	29
	329	469
	329	470
	329	471
	330	28
	330	29
	330	30
	330	469
	330	470
	330	471
	331	28
	331	29
	331	30
	331	468
	331	469
	331	470
	332	29
	332	30
	332	31
	332	468
	332	469
	332	470
	333	29
	333	30
	333	31
	333	467
	333	468
	333	469
	334	30
	334	31
	334	32
	334	466
	334	467
	334	468
	335	31
	335	32
	335	33
	335	465
	335	466
	335	467
	336	31
	336	32
	336	33
	336	465
	336	466
	336	467
	337	32
	337	33
	337	34
	337	465
	337	466
	337	467
	338	32
	338	33
	338	34
	338	464
	338	465
	338	466
	339	33
	339	34
	339	35
	339	464
	339	465
	339	466
	340	34
	340	35
	340	36
	340	463
	340	464
	340	465
	341	35
	341	36
	341	37
	341	462
	341	463
	341	464
	342	36
	342	37
	342	38
	342	461
	342	462
	342	463
	343	36
	343	37
	343	38
	343	460
	343	461
	343	462
	344	37
	344	38
	344	39
	344	460
	344	461
	344	462
	345	37
	345	38
	345	39
	345	459
	345	460
	345	461
	346	38
	346	39
	346	40
	346	459
	346	460
	346	461
	347	39
	347	40
	347	41
	347	458
	347	459
	347	460
	348	40
	348	41
	348	42
	348	457
	348	458
	348	459
	349	41
	349	42
	349	43
	349	456
	349	457
	349	458
	350	41
	350	42
	350	43
	350	455
	350	456
	350	457
	351	42
	351	43
	351	44
	351	455
	351	456
	351	457
	352	42
	352	43
	352	44
	352	454
	352	455
	352	456
	353	43
	353	44
	353	45
	353	454
	353	455
	353	456
	354	44
	354	45
	354	46
	354	453
	354	454
	354	455
	355	45
	355	46
	355	47
	355	452
	355	453
	355	454
	356	46
	356	47
	356	48
	356	451
	356	452
	356	453
	357	46
	357	47
	357	48
	357	450
	357	451
	357	452
	358	47
	358	48
	358	49
	358	449
	358	450
	358	451
	359	48
	359	49
	359	50
	359	448
	359	449
	359	450
	360	48
	360	49
	360	50
	360	448
	360	449
	360	450
	361	49
	361	50
	361	51
	361	447
	361	448
	361	449
	362	50
	362	51
	362	52
	362	446
	362	447
	362	448
	363	51
	363	52
	363	53
	363	446
	363	447
	363	448
	364	52
	364	53
	364	54
	364	445
	364	446
	364	447
	365	53
	365	54
	365	55
	365	444
	365	445
	365	446
	366	54
	366	55
	366	56
	366	443
	366	444
	366	445
	367	55
	367	56
	367	57
	367	442
	367	443
	367	444
	368	56
	368	57
	368	58
	368	441
	368	442
	368	443
	369	57
	369	58
	369	59
	369	440
	369	441
	369	442
	370	58
	370	59
	370	60
	370	439
	370	440
	370	441
	371	59
	371	60
	371	61
	371	438
	371	439
	371	440
	372	60
	372	61
	372	62
	372	437
	372	438
	372	439
	373	61
	373	62
	373	63
	373	436
	373	437
	373	438
	374	62
	374	63
	374	64
	374	435
	374	436
	374	437
	375	63
	375	64
	375	65
	375	434
	375	435
	375	436
	376	64
	376	65
	376	66
	376	433
	376	434
	376	435
	377	65
	377	66
	377	67
	377	432
	377	433
	377	434
	378	66
	378	67
	378	68
	378	431
	378	432
	378	433
	379	67
	379	68
	379	69
	379	430
	379	431
	379	432
	380	68
	380	69
	380	70
	380	429
	380	430
	380	431
	381	69
	381	70
	381	71
	381	428
	381	429
	381	430
	382	70
	382	71
	382	72
	382	427
	382	428
	382	429
	383	71
	383	72
	383	73
	383	74
	383	425
	383	426
	383	427
	383	428
	384	72
	384	73
	384	74
	384	75
	384	424
	384	425
	384	426
	384	427
	385	73
	385	74
	385	75
	385	76
	385	423
	385	424
	385	425
	385	426
	386	75
	386	76
	386	77
	386	422
	386	423
	386	424
	387	76
	387	77
	387	78
	387	421
	387	422
	387	423
	388	77
	388	78
	388	79
	388	420
	388	421
	388	422
	389	78
	389	79
	389	80
	389	419
	389	420
	389	421
	390	79
	390	80
	390	81
	390	418
	390	419
	390	420
	391	80
	391	81
	391	82
	391	83
	391	416
	391	417
	391	418
	391	419
	392	81
	392	82
	392	83
	392	84
	392	85
	392	414
	392	415
	392	416
	392	417
	392	418
	393	82
	393	83
	393	84
	393	85
	393	86
	393	413
	393	414
	393	415
	393	416
	393	417
	394	84
	394	85
	394	86
	394	87
	394	412
	394	413
	394	414
	394	415
	395	86
	395	87
	395	88
	395	411
	395	412
	395	413
	396	87
	396	88
	396	89
	396	90
	396	409
	396	410
	396	411
	396	412
	397	88
	397	89
	397	90
	397	91
	397	408
	397	409
	397	410
	397	411
	398	89
	398	90
	398	91
	398	92
	398	407
	398	408
	398	409
	398	410
	399	91
	399	92
	399	93
	399	406
	399	407
	399	408
	400	92
	400	93
	400	94
	400	405
	400	406
	400	407
	401	93
	401	94
	401	95
	401	96
	401	403
	401	404
	401	405
	401	406
	402	94
	402	95
	402	96
	402	97
	402	98
	402	401
	402	402
	402	403
	402	404
	402	405
	403	95
	403	96
	403	97
	403	98
	403	99
	403	100
	403	399
	403	400
	403	401
	403	402
	403	403
	403	404
	404	97
	404	98
	404	99
	404	100
	404	101
	404	102
	404	398
}
BARRIER {
	404	399
	404	400
	404	401
	404	402
	405	99
	405	100
	405	101
	405	102
	405	103
	405	396
	405	397
	405	398
	405	399
	405	400
	406	101
	406	102
	406	103
	406	104
	406	395
	406	396
	406	397
	406	398
	407	103
	407	104
	407	105
	407	393
	407	394
	407	395
	407	396
	407	397
	408	104
	408	105
	408	106
	408	107
	408	392
	408	393
	408	394
	408	395
	409	105
	409	106
	409	107
	409	108
	409	391
	409	392
	409	393
	409	394
	410	106
	410	107
	410	108
	410	109
	410	110
	410	389
	410	390
	410	391
	410	392
	411	108
	411	109
	411	110
	411	111
	411	112
	411	387
	411	388
	411	389
	411	390
	411	391
	412	109
	412	110
	412	111
	412	112
	412	113
	412	114
	412	385
	412	386
	412	387
	412	388
	412	389
	412	390
	413	111
	413	112
	413	113
	413	114
	413	115
	413	384
	413	385
	413	386
	413	387
	413	388
	414	113
	414	114
	414	115
	414	116
	414	117
	414	382
	414	383
	414	384
	414	385
	414	386
	415	115
	415	116
	415	117
	415	118
	415	119
	415	380
	415	381
	415	382
	415	383
	415	384
	416	116
	416	117
	416	118
	416	119
	416	120
	416	121
	416	378
	416	379
	416	380
	416	381
	416	382
	416	383
	417	118
	417	119
	417	120
	417	121
	417	122
	417	377
	417	378
	417	379
	417	380
	417	381
	418	120
	418	121
	418	122
	418	123
	418	124
	418	375
	418	376
	418	377
	418	378
	418	379
	419	122
	419	123
	419	124
	419	125
	419	126
	419	373
	419	374
	419	375
	419	376
	419	377
	420	123
	420	124
	420	125
	420	126
	420	127
	420	128
	420	129
	420	130
	420	369
	420	370
	420	371
	420	372
	420	373
	420	374
	420	375
	420	376
	421	125
	421	126
	421	127
	421	128
	421	129
	421	130
	421	131
	421	132
	421	367
	421	368
	421	369
	421	370
	421	371
	421	372
	421	373
	421	374
	422	127
	422	128
	422	129
	422	130
	422	131
	422	132
	422	133
	422	366
	422	367
	422	368
	422	369
	422	370
	422	371
	422	372
	423	131
	423	132
	423	133
	423	134
	423	135
	423	364
	423	365
	423	366
	423	367
	423	368
	424	133
	424	134
	424	135
	424	136
	424	137
	424	362
	424	363
	424	364
	424	365
	424	366
	425	134
	425	135
	425	136
	425	137
	425	138
	425	139
	425	140
	425	141
	425	358
	425	359
	425	360
	425	361
	425	362
	425	363
	425	364
	425	365
	426	136
	426	137
	426	138
	426	139
	426	140
	426	141
	426	142
	426	143
	426	356
	426	357
	426	358
	426	359
	426	360
	426	361
	426	362
	426	363
	427	138
	427	139
	427	140
	427	141
	427	142
	427	143
	427	144
	427	355
	427	356
	427	357
	427	358
	427	359
	427	360
	427	361
	428	142
	428	143
	428	144
	428	145
	428	146
	428	353
	428	354
	428	355
	428	356
	428	357
	429	144
	429	145
	429	146
	429	147
	429	148
	429	351
	429	352
	429	353
	429	354
	429	355
	430	145
	430	146
	430	147
	430	148
	430	149
	430	150
	430	151
	430	152
	430	347
	430	348
	430	349
	430	350
	430	351
	430	352
	430	353
	430	354
	431	147
	431	148
	431	149
	431	150
	431	151
	431	152
	431	153
	431	154
	431	155
	431	156
	431	343
	431	344
	431	345
	431	346
	431	347
	431	348
	431	349
	431	350
	431	351
	431	352
	432	149
	432	150
	432	151
	432	152
	432	153
	432	154
	432	155
	432	156
	432	157
	432	158
	432	341
	432	342
	432	343
	432	344
	432	345
	432	346
	432	347
	432	348
	432	349
	432	350
	433	153
	433	154
	433	155
	433	156
	433	157
	433	158
	433	159
	433	340
	433	341
	433	342
	433	343
	433	344
	433	345
	433	346
	434	157
	434	158
	434	159
	434	160
	434	161
	434	162
	434	163
	434	336
	434	337
	434	338
	434	339
	434	340
	434	341
	434	342
	435	159
	435	160
	435	161
	435	162
	435	163
	435	164
	435	165
	435	166
	435	167
	435	332
	435	333
	435	334
	435	335
	435	336
	435	337
	435	338
	435	339
	435	340
	436	160
	436	161
	436	162
	436	163
	436	164
	436	165
	436	166
	436	167
	436	168
	436	169
	436	170
	436	171
	436	328
	436	329
	436	330
	436	331
	436	332
	436	333
	436	334
	436	335
	436	336
	436	337
	436	338
	436	339
	437	164
	437	165
	437	166
	437	167
	437	168
	437	169
	437	170
	437	171
	437	172
	437	173
	437	174
	437	325
	437	326
	437	327
	437	328
	437	329
	437	330
	437	331
	437	332
	437	333
	437	334
	437	335
	438	168
	438	169
	438	170
	438	171
	438	172
	438	173
	438	174
	438	175
	438	176
	438	177
	438	178
	438	321
	438	322
	438	323
	438	324
	438	325
	438	326
	438	327
	438	328
	438	329
	438	330
	438	331
	439	172
	439	173
	439	174
	439	175
	439	176
	439	177
	439	178
	439	179
	439	180
	439	181
	439	182
	439	317
	439	318
	439	319
	439	320
	439	321
	439	322
	439	323
	439	324
	439	325
	439	326
	439	327
	440	175
	440	176
	440	177
	440	178
	440	179
	440	180
	440	181
	440	182
	440	183
	440	184
	440	185
	440	186
	440	313
	440	314
	440	315
	440	316
	440	317
	440	318
	440	319
	440	320
	440	321
	440	322
	440	323
	440	324
	441	179
	441	180
	441	181
}
BARRIER {
	441	182
	441	183
	441	184
	441	185
	441	186
	441	187
	441	188
	441	189
	441	190
	441	309
	441	310
	441	311
	441	312
	441	313
	441	314
	441	315
	441	316
	441	317
	441	318
	441	319
	441	320
	442	183
	442	184
	442	185
	442	186
	442	187
	442	188
	442	189
	442	190
	442	191
	442	192
	442	193
	442	194
	442	305
	442	306
	442	307
	442	308
	442	309
	442	310
	442	311
	442	312
	442	313
	442	314
	442	315
	442	316
	443	187
	443	188
	443	189
	443	190
	443	191
	443	192
	443	193
	443	194
	443	195
	443	196
	443	197
	443	198
	443	301
	443	302
	443	303
	443	304
	443	305
	443	306
	443	307
	443	308
	443	309
	443	310
	443	311
	443	312
	444	191
	444	192
	444	193
	444	194
	444	195
	444	196
	444	197
	444	198
	444	199
	444	200
	444	201
	444	202
	444	203
	444	204
	444	205
	444	294
	444	295
	444	296
	444	297
	444	298
	444	299
	444	300
	444	301
	444	302
	444	303
	444	304
	444	305
	444	306
	444	307
	444	308
	445	195
	445	196
	445	197
	445	198
	445	199
	445	200
	445	201
	445	202
	445	203
	445	204
	445	205
	445	206
	445	207
	445	208
	445	209
	445	290
	445	291
	445	292
	445	293
	445	294
	445	295
	445	296
	445	297
	445	298
	445	299
	445	300
	445	301
	445	302
	445	303
	445	304
	446	199
	446	200
	446	201
	446	202
	446	203
	446	204
	446	205
	446	206
	446	207
	446	208
	446	209
	446	210
	446	211
	446	212
	446	213
	446	214
	446	215
	446	216
	446	217
	446	282
	446	283
	446	284
	446	285
	446	286
	446	287
	446	288
	446	289
	446	290
	446	291
	446	292
	446	293
	446	294
	446	295
	446	296
	446	297
	446	298
	446	299
	446	300
	447	206
	447	207
	447	208
	447	209
	447	210
	447	211
	447	212
	447	213
	447	214
	447	215
	447	216
	447	217
	447	218
	447	219
	447	220
	447	221
	447	222
	447	223
	447	224
	447	225
	447	274
	447	275
	447	276
	447	277
	447	278
	447	279
	447	280
	447	281
	447	282
	447	283
	447	284
	447	285
	447	286
	447	287
	447	288
	447	289
	447	290
	447	291
	447	292
	447	293
	448	210
	448	211
	448	212
	448	213
	448	214
	448	215
	448	216
	448	217
	448	218
	448	219
	448	220
	448	221
	448	222
	448	223
	448	224
	448	225
	448	226
	448	227
	448	228
	448	229
	448	230
	448	231
	448	232
	448	233
	448	234
	448	235
	448	236
	448	237
	448	238
	448	239
	448	240
	448	241
	448	242
	448	243
	448	244
	448	245
	448	246
	448	247
	448	248
	448	251
	448	252
	448	253
	448	254
	448	255
	448	256
	448	257
	448	258
	448	259
	448	260
	448	261
	448	262
	448	263
	448	264
	448	265
	448	266
	448	267
	448	268
	448	269
	448	270
	448	271
	448	272
	448	273
	448	274
	448	275
	448	276
	448	277
	448	278
	448	279
	448	280
	448	281
	448	282
	448	283
	448	284
	448	285
	448	286
	448	287
	448	288
	448	289
	449	218
	449	219
	449	220
	449	221
	449	222
	449	223
	449	224
	449	225
	449	226
	449	227
	449	228
	449	229
	449	230
	449	231
	449	232
	449	233
	449	234
	449	235
	449	236
	449	237
	449	238
	449	239
	449	240
	449	241
	449	242
	449	243
	449	244
	449	245
	449	246
	449	247
	449	248
	449	249
	449	250
	449	251
	449	252
	449	253
	449	254
	449	255
	449	256
	449	257
	449	258
	449	259
	449	260
	449	261
	449	262
	449	263
	449	264
	449	265
	449	266
	449	267
	449	268
	449	269
	449	270
	449	271
	449	272
	449	273
	449	274
	449	275
	449	276
	449	277
	449	278
	449	279
	449	280
	449	281
}

KEYLIST "HadStrain0" "Y"

ORGANIC {
}

ORGANISM 1 0 0 0 0 0 10000 0
  {  # program
	"main:"
	"{"
	"      1111  R9!  22  call  1  call "
	"}"
	""
	"row1:"
	"{"
	"      R1  1  =  2  if  R1  2  =  7  if  R1  3  =  8  if  R1  4  =  3  if  1  ?loop "
	"}"
	""
	"row2:"
	"{"
	"      1  0  EAT  pop  1  -1  -1  EAT  pop  ?loop "
	"}"
	""
	"row3:"
	"{"
	"      13  call  13  call  4  call "
	"}"
	""
	"row4:"
	"{"
	"      RECV  2  =  5  if  RECV  8  =  6  if  1  ?loop "
	"}"
	""
	"row5:"
	"{"
	"      0  -1  OMOVE  pop "
	"}"
	""
	"row6:"
	"{"
	"      0  1  OMOVE  pop "
	"}"
	""
	"row7:"
	"{"
	"      13  call "
	"}"
	""
	"row8:"
	"{"
	"      13  call  9  call "
	"}"
	""
	"row9:"
	"{"
	"      AGE  3000  >  10  if "
	"}"
	""
	"row10:"
	"{"
	"      2  BROADCAST  20  11  call  8  BROADCAST  50  12  call  1  ?loop "
	"}"
	""
	"row11:"
	"{"
	"      1-  dup  ?loop "
	"}"
	""
	"row12:"
	"{"
	"      1-  dup  ?loop "
	"}"
	""
	"row13:"
	"{"
	"      R0  -100  +  R9!  R9  23  call  14  if  R0  1  +  R9!  R9  23  call  15  if"
	"      R0  100  +  R9!  R9  23  call  16  if  R0  -1  +  R9!  R9  23  call  17  if"
	"      R0  -101  +  R9!  R9  23  call  18  if  R0  99  +  R9!  R9  23  call  19  if"
	"      R0  101  +  R9!  R9  23  call  20  if  R0  -99  +  R9!  R9  23  call  21  if "
	"}"
	""
	"row14:"
	"{"
	"      0  -1  GROW  -1  =  22  if "
	"}"
	""
	"row15:"
	"{"
	"      1  0  GROW  -1  =  22  if "
	"}"
	""
	"row16:"
	"{"
	"      0  1  GROW  -1  =  22  if "
	"}"
	""
	"row17:"
	"{"
	"      -1  0  GROW  -1  =  22  if "
	"}"
	""
	"row18:"
	"{"
	"      -1  -1  GROW  -1  =  22  if "
	"}"
	""
	"row19:"
	"{"
	"      -1  1  GROW  -1  =  22  if "
	"}"
	""
	"row20:"
	"{"
	"      1  1  GROW  -1  =  22  if "
	"}"
	""
	"row21:"
	"{"
	"      1  -1  GROW  -1  =  22  if "
	"}"
	""
	"row22:"
	"{"
	"      R9  R0!  R0  23  call  R1! "
	"}"
	""
	"row23:"
	"{"
	"      dup  100  23  -  swap  100  /  *  -  24  +  call "
	"}"
	""
	"row24:"
	"{"
	"      0 "
	"}"
	""
	"row25:"
	"{"
	"      0 "
	"}"
	""
	"row26:"
	"{"
	"      0 "
	"}"
	""
	"row27:"
	"{"
	"      0 "
	"}"
	""
	"row28:"
	"{"
	"      0 "
	"}"
	""
	"row29:"
	"{"
	"      0 "
	"}"
	""
	"row30:"
	"{"
	"      0 "
	"}"
	""
	"row31:"
	"{"
	"      0 "
	"}"
	""
	"row32:"
	"{"
	"      0 "
	"}"
	""
	"row33:"
	"{"
	"      0 "
	"}"
	""
	"row34:"
	"{"
	"      0 "
	"}"
	""
	"row35:"
	"{"
	"      0 "
	"}"
	""
	"row36:"
	"{"
	"      0 "
	"}"
	""
	"row37:"
	"{"
	"      0 "
	"}"
	""
	"row38:"
	"{"
	"      0 "
	"}"
	""
	"row39:"
	"{"
	"      0 "
	"}"
	""
	"row40:"
	"{"
	"      0 "
	"}"
	""
	"row41:"
	"{"
	"      0 "
	"}"
	""
	"row42:"
	"{"
	"      0 "
	"}"
	""
	"row43:"
	"{"
	"      0 "
	"}"
	""
	"row44:"
	"{"
	"      0 "
	"}"
	""
	"row45:"
	"{"
	"      0 "
	"}"
	""
	"row46:"
	"{"
	"      0 "
	"}"
	""
	"row47:"
	"{"
	"      0 "
	"}"
	""
	"row48:"
	"{"
	"      0 "
	"}"
	""
	"row49:"
	"{"
	"      0 "
	"}"
	""
	"row50:"
	"{"
	"      0 "
	"}"
	""
	"row51:"
	"{"
	"      0 "
	"}"
	""
	"row52:"
	"{"
	"      0 "
	"}"
	""
	"row53:"
	"{"
	"      1 "
	"}"
	""
	"row54:"
	"{"
	"      1 "
	"}"
	""
	"row55:"
	"{"
	"      1 "
	"}"
	""
	"row56:"
	"{"
	"      1 "
	"}"
	""
	"row57:"
	"{"
	"      1 "
	"}"
	""
	"row58:"
	"{"
	"      1 "
	"}"
	""
	"row59:"
	"{"
	"      1 "
	"}"
	""
	"row60:"
	"{"
	"      1 "
	"}"
	""
	"row61:"
	"{"
	"      1 "
	"}"
	""
	"row62:"
	"{"
	"      1 "
	"}"
	""
	"row63:"
	"{"
	"      1 "
	"}"
	""
	"row64:"
	"{"
	"      0 "
	"}"
	""
	"row65:"
	"{"
	"      0 "
	"}"
	""
	"row66:"
	"{"
	"      0 "
	"}"
	""
	"row67:"
	"{"
	"      0 "
	"}"
	""
	"row68:"
	"{"
	"      0 "
	"}"
	""
	"row69:"
	"{"
	"      0 "
	"}"
	""
	"row70:"
	"{"
	"      0 "
	"}"
	""
	"row71:"
	"{"
	"      0 "
	"}"
	""
	"row72:"
	"{"
	"      0 "
	"}"
	""
	"row73:"
	"{"
	"      0 "
	"}"
	""
	"row74:"
	"{"
	"      0 "
	"}"
	""
	"row75:"
	"{"
	"      1 "
	"}"
	""
	"row76:"
	"{"
	"      2 "
	"}"
	""
	"row77:"
	"{"
	"      1 "
	"}"
	""
	"row78:"
	"{"
	"      2 "
	"}"
	""
	"row79:"
	"{"
	"      1 "
	"}"
	""
	"row80:"
	"{"
	"      2 "
	"}"
	""
	"row81:"
	"{"
	"      1 "
	"}"
	""
	"row82:"
	"{"
	"      2 "
	"}"
	""
	"row83:"
	"{"
	"      1 "
	"}"
	""
	"row84:"
	"{"
	"      2 "
	"}"
	""
	"row85:"
	"{"
	"      1 "
	"}"
	""
	"row86:"
	"{"
	"      2 "
	"}"
	""
	"row87:"
	"{"
	"      1 "
	"}"
	""
	"row88:"
	"{"
	"      0 "
	"}"
	""
	"row89:"
	"{"
	"      0 "
	"}"
	""
	"row90:"
	"{"
	"      0 "
	"}"
	""
	"row91:"
	"{"
	"      0 "
	"}"
	""
	"row92:"
	"{"
	"      0 "
	"}"
	""
	"row93:"
	"{"
	"      0 "
	"}"
	""
	"row94:"
	"{"
	"      0 "
	"}"
	""
	"row95:"
	"{"
	"      0 "
	"}"
	""
	"row96:"
	"{"
	"      0 "
	"}"
	""
	"row97:"
	"{"
	"      1 "
	"}"
	""
	"row98:"
	"{"
	"      2 "
	"}"
	""
	"row99:"
	"{"
	"      1 "
	"}"
	""
	"row100:"
	"{"
	"      2 "
	"}"
	""
	"row101:"
	"{"
	"      1 "
	"}"
	""
	"row102:"
	"{"
	"      2 "
	"}"
	""
	"row103:"
	"{"
	"      1 "
	"}"
	""
	"row104:"
	"{"
	"      2 "
	"}"
	""
	"row105:"
	"{"
	"      1 "
	"}"
	""
	"row106:"
	"{"
	"      2 "
	"}"
	""
	"row107:"
	"{"
	"      1 "
	"}"
	""
	"row108:"
	"{"
	"      2 "
	"}"
	""
	"row109:"
	"{"
	"      1 "
	"}"
	""
	"row110:"
	"{"
	"      2 "
	"}"
	""
	"row111:"
	"{"
	"      1 "
	"}"
	""
	"row112:"
	"{"
	"      0 "
	"}"
	""
	"row113:"
	"{"
	"      0 "
	"}"
	""
	"row114:"
	"{"
	"      0 "
	"}"
	""
	"row115:"
	"{"
	"      0 "
	"}"
	""
	"row116:"
	"{"
	"      0 "
	"}"
	""
	"row117:"
	"{"
	"      0 "
	"}"
	""
	"row118:"
	"{"
	"      0 "
	"}"
	""
	"row119:"
	"{"
	"      1 "
	"}"
	""
	"row120:"
	"{"
	"      2 "
	"}"
	""
	"row121:"
	"{"
	"      1 "
	"}"
	""
	"row122:"
	"{"
	"      1 "
	"}"
	""
	"row123:"
	"{"
	"      0 "
	"}"
	""
	"row124:"
	"{"
	"      0 "
	"}"
	""
	"row125:"
	"{"
	"      0 "
	"}"
	""
	"row126:"
	"{"
	"      0 "
	"}"
	""
	"row127:"
	"{"
	"      2 "
	"}"
	""
	"row128:"
	"{"
	"      0 "
	"}"
	""
	"row129:"
	"{"
	"      0 "
	"}"
	""
	"row130:"
	"{"
	"      0 "
	"}"
	""
	"row131:"
	"{"
	"      0 "
	"}"
	""
	"row132:"
	"{"
	"      1 "
	"}"
	""
	"row133:"
	"{"
	"      1 "
	"}"
	""
	"row134:"
	"{"
	"      2 "
	"}"
	""
	"row135:"
	"{"
	"      1 "
	"}"
	""
	"row136:"
	"{"
	"      0 "
	"}"
	""
	"row137:"
	"{"
	"      0 "
	"}"
	""
	"row138:"
	"{"
	"      0 "
	"}"
	""
	"row139:"
	"{"
	"      0 "
	"}"
	""
	"row140:"
	"{"
	"      0 "
	"}"
	""
	"row141:"
	"{"
	"      1 "
	"}"
	""
	"row142:"
	"{"
	"      2 "
	"}"
	""
	"row143:"
	"{"
	"      1 "
	"}"
	""
	"row144:"
	"{"
	"      1 "
	"}"
	""
	"row145:"
	"{"
	"      0 "
	"}"
	""
	"row146:"
	"{"
	"      0 "
	"}"
	""
	"row147:"
	"{"
	"      0 "
	"}"
	""
	"row148:"
	"{"
	"      0 "
	"}"
	""
	"row149:"
	"{"
	"      0 "
	"}"
	""
	"row150:"
	"{"
	"      2 "
	"}"
	""
	"row151:"
	"{"
	"      0 "
	"}"
	""
	"row152:"
	"{"
	"      0 "
	"}"
	""
	"row153:"
	"{"
	"      0 "
	"}"
	""
	"row154:"
	"{"
	"      0 "
	"}"
	""
	"row155:"
	"{"
	"      0 "
	"}"
	""
	"row156:"
	"{"
	"      1 "
	"}"
	""
	"row157:"
	"{"
	"      1 "
	"}"
	""
	"row158:"
	"{"
	"      2 "
	"}"
	""
	"row159:"
	"{"
	"      1 "
	"}"
	""
	"row160:"
	"{"
	"      0 "
	"}"
	""
	"row161:"
	"{"
	"      0 "
	"}"
	""
	"row162:"
	"{"
	"      0 "
	"}"
	""
	"row163:"
	"{"
	"      1 "
	"}"
	""
	"row164:"
	"{"
	"      2 "
	"}"
	""
	"row165:"
	"{"
	"      1 "
	"}"
	""
	"row166:"
	"{"
	"      1 "
	"}"
	""
	"row167:"
	"{"
	"      0 "
	"}"
	""
	"row168:"
	"{"
	"      0 "
	"}"
	""
	"row169:"
	"{"
	"      0 "
	"}"
	""
	"row170:"
	"{"
	"      0 "
	"}"
	""
	"row171:"
	"{"
	"      0 "
	"}"
	""
	"row172:"
	"{"
	"      0 "
	"}"
	""
	"row173:"
	"{"
	"      2 "
	"}"
	""
	"row174:"
	"{"
	"      0 "
	"}"
	""
	"row175:"
	"{"
	"      0 "
	"}"
	""
	"row176:"
	"{"
	"      0 "
	"}"
	""
	"row177:"
	"{"
	"      0 "
	"}"
	""
	"row178:"
	"{"
	"      0 "
	"}"
	""
	"row179:"
	"{"
	"      0 "
	"}"
	""
	"row180:"
	"{"
	"      1 "
	"}"
	""
	"row181:"
	"{"
	"      1 "
	"}"
	""
	"row182:"
	"{"
	"      2 "
	"}"
	""
	"row183:"
	"{"
	"      1 "
	"}"
	""
	"row184:"
	"{"
	"      0 "
	"}"
	""
	"row185:"
	"{"
	"      0 "
	"}"
	""
	"row186:"
	"{"
	"      1 "
	"}"
	""
	"row187:"
	"{"
	"      1 "
	"}"
	""
	"row188:"
	"{"
	"      2 "
	"}"
	""
	"row189:"
	"{"
	"      0 "
	"}"
	""
	"row190:"
	"{"
	"      0 "
	"}"
	""
	"row191:"
	"{"
	"      0 "
	"}"
	""
	"row192:"
	"{"
	"      4 "
	"}"
	""
	"row193:"
	"{"
	"      2 "
	"}"
	""
	"row194:"
	"{"
	"      4 "
	"}"
	""
	"row195:"
	"{"
	"      2 "
	"}"
	""
	"row196:"
	"{"
	"      2 "
	"}"
	""
	"row197:"
	"{"
	"      2 "
	"}"
	""
	"row198:"
	"{"
	"      4 "
	"}"
	""
	"row199:"
	"{"
	"      4 "
	"}"
	""
	"row200:"
	"{"
	"      4 "
	"}"
	""
	"row201:"
	"{"
	"      0 "
	"}"
	""
	"row202:"
	"{"
	"      0 "
	"}"
	""
	"row203:"
	"{"
	"      0 "
	"}"
	""
	"row204:"
	"{"
	"      2 "
	"}"
	""
	"row205:"
	"{"
	"      1 "
	"}"
	""
	"row206:"
	"{"
	"      1 "
	"}"
	""
	"row207:"
	"{"
	"      0 "
	"}"
	""
	"row208:"
	"{"
	"      0 "
	"}"
	""
	"row209:"
	"{"
	"      1 "
	"}"
	""
	"row210:"
	"{"
	"      2 "
	"}"
	""
	"row211:"
	"{"
	"      1 "
	"}"
	""
	"row212:"
	"{"
	"      0 "
	"}"
	""
	"row213:"
	"{"
	"      0 "
	"}"
	""
	"row214:"
	"{"
	"      0 "
	"}"
	""
	"row215:"
	"{"
	"      2 "
	"}"
	""
	"row216:"
	"{"
	"      0 "
	"}"
	""
	"row217:"
	"{"
	"      2 "
	"}"
	""
	"row218:"
	"{"
	"      2 "
	"}"
	""
	"row219:"
	"{"
	"      0 "
	"}"
	""
	"row220:"
	"{"
	"      2 "
	"}"
	""
	"row221:"
	"{"
	"      2 "
	"}"
	""
	"row222:"
	"{"
	"      0 "
	"}"
	""
	"row223:"
	"{"
	"      4 "
	"}"
	""
	"row224:"
	"{"
	"      0 "
	"}"
	""
	"row225:"
	"{"
	"      0 "
	"}"
	""
	"row226:"
	"{"
	"      0 "
	"}"
	""
	"row227:"
	"{"
	"      1 "
	"}"
	""
	"row228:"
	"{"
	"      2 "
	"}"
	""
	"row229:"
	"{"
	"      1 "
	"}"
	""
	"row230:"
	"{"
	"      0 "
	"}"
	""
	"row231:"
	"{"
	"      0 "
	"}"
	""
	"row232:"
	"{"
	"      1 "
	"}"
	""
	"row233:"
	"{"
	"      1 "
	"}"
	""
	"row234:"
	"{"
	"      2 "
	"}"
	""
	"row235:"
	"{"
	"      0 "
	"}"
	""
	"row236:"
	"{"
	"      0 "
	"}"
	""
	"row237:"
	"{"
	"      0 "
	"}"
	""
	"row238:"
	"{"
	"      4 "
	"}"
	""
	"row239:"
	"{"
	"      2 "
	"}"
	""
	"row240:"
	"{"
	"      0 "
	"}"
	""
	"row241:"
	"{"
	"      4 "
	"}"
	""
	"row242:"
	"{"
	"      4 "
	"}"
	""
	"row243:"
	"{"
	"      4 "
	"}"
	""
	"row244:"
	"{"
	"      0 "
	"}"
	""
	"row245:"
	"{"
	"      2 "
	"}"
	""
	"row246:"
	"{"
	"      4 "
	"}"
	""
	"row247:"
	"{"
	"      0 "
	"}"
	""
	"row248:"
	"{"
	"      0 "
	"}"
	""
	"row249:"
	"{"
	"      0 "
	"}"
	""
	"row250:"
	"{"
	"      2 "
	"}"
	""
	"row251:"
	"{"
	"      1 "
	"}"
	""
	"row252:"
	"{"
	"      1 "
	"}"
	""
	"row253:"
	"{"
	"      0 "
	"}"
	""
	"row254:"
	"{"
	"      0 "
	"}"
	""
	"row255:"
	"{"
	"      1 "
	"}"
	""
	"row256:"
	"{"
	"      2 "
	"}"
	""
	"row257:"
	"{"
	"      1 "
	"}"
	""
	"row258:"
	"{"
	"      0 "
	"}"
	""
	"row259:"
	"{"
	"      0 "
	"}"
	""
	"row260:"
	"{"
	"      0 "
	"}"
	""
	"row261:"
	"{"
	"      4 "
	"}"
	""
	"row262:"
	"{"
	"      2 "
	"}"
	""
	"row263:"
	"{"
	"      4 "
	"}"
	""
	"row264:"
	"{"
	"      0 "
	"}"
	""
	"row265:"
	"{"
	"      4 "
	"}"
	""
	"row266:"
	"{"
	"      0 "
	"}"
	""
	"row267:"
	"{"
	"      4 "
	"}"
	""
	"row268:"
	"{"
	"      2 "
	"}"
	""
	"row269:"
	"{"
	"      4 "
	"}"
	""
	"row270:"
	"{"
	"      0 "
	"}"
	""
	"row271:"
	"{"
	"      0 "
	"}"
	""
	"row272:"
	"{"
	"      0 "
	"}"
	""
	"row273:"
	"{"
	"      1 "
	"}"
	""
	"row274:"
	"{"
	"      2 "
	"}"
	""
	"row275:"
	"{"
	"      1 "
	"}"
	""
	"row276:"
	"{"
	"      0 "
	"}"
	""
	"row277:"
	"{"
	"      0 "
	"}"
	""
	"row278:"
	"{"
	"      1 "
	"}"
	""
	"row279:"
	"{"
	"      1 "
	"}"
	""
	"row280:"
	"{"
	"      2 "
	"}"
	""
	"row281:"
	"{"
	"      2 "
	"}"
	""
	"row282:"
	"{"
	"      2 "
	"}"
	""
	"row283:"
	"{"
	"      2 "
	"}"
	""
	"row284:"
	"{"
	"      2 "
	"}"
	""
	"row285:"
	"{"
	"      0 "
	"}"
	""
	"row286:"
	"{"
	"      4 "
	"}"
	""
	"row287:"
	"{"
	"      4 "
	"}"
	""
	"row288:"
	"{"
	"      3 "
	"}"
	""
	"row289:"
	"{"
	"      4 "
	"}"
	""
	"row290:"
	"{"
	"      4 "
	"}"
	""
	"row291:"
	"{"
	"      0 "
	"}"
	""
	"row292:"
	"{"
	"      2 "
	"}"
	""
	"row293:"
	"{"
	"      2 "
	"}"
	""
	"row294:"
	"{"
	"      2 "
	"}"
	""
	"row295:"
	"{"
	"      2 "
	"}"
	""
	"row296:"
	"{"
	"      2 "
	"}"
	""
	"row297:"
	"{"
	"      1 "
	"}"
	""
	"row298:"
	"{"
	"      1 "
	"}"
	""
	"row299:"
	"{"
	"      0 "
	"}"
	""
	"row300:"
	"{"
	"      0 "
	"}"
	""
	"row301:"
	"{"
	"      1 "
	"}"
	""
	"row302:"
	"{"
	"      2 "
	"}"
	""
	"row303:"
	"{"
	"      1 "
	"}"
	""
	"row304:"
	"{"
	"      0 "
	"}"
	""
	"row305:"
	"{"
	"      0 "
	"}"
	""
	"row306:"
	"{"
	"      0 "
	"}"
	""
	"row307:"
	"{"
	"      4 "
	"}"
	""
	"row308:"
	"{"
	"      2 "
	"}"
	""
	"row309:"
	"{"
	"      4 "
	"}"
	""
	"row310:"
	"{"
	"      0 "
	"}"
	""
	"row311:"
	"{"
	"      4 "
	"}"
	""
	"row312:"
	"{"
	"      0 "
	"}"
	""
	"row313:"
	"{"
	"      4 "
	"}"
	""
	"row314:"
	"{"
	"      2 "
	"}"
	""
	"row315:"
	"{"
	"      4 "
	"}"
	""
	"row316:"
	"{"
	"      0 "
	"}"
	""
	"row317:"
	"{"
	"      0 "
	"}"
	""
	"row318:"
	"{"
	"      0 "
	"}"
	""
	"row319:"
	"{"
	"      1 "
	"}"
	""
	"row320:"
	"{"
	"      2 "
	"}"
	""
	"row321:"
	"{"
	"      1 "
	"}"
	""
	"row322:"
	"{"
	"      0 "
	"}"
	""
	"row323:"
	"{"
	"      0 "
	"}"
	""
	"row324:"
	"{"
	"      1 "
	"}"
	""
	"row325:"
	"{"
	"      1 "
	"}"
	""
	"row326:"
	"{"
	"      2 "
	"}"
	""
	"row327:"
	"{"
	"      0 "
	"}"
	""
	"row328:"
	"{"
	"      0 "
	"}"
	""
	"row329:"
	"{"
	"      0 "
	"}"
	""
	"row330:"
	"{"
	"      4 "
	"}"
	""
	"row331:"
	"{"
	"      2 "
	"}"
	""
	"row332:"
	"{"
	"      0 "
	"}"
	""
	"row333:"
	"{"
	"      4 "
	"}"
	""
	"row334:"
	"{"
	"      4 "
	"}"
	""
	"row335:"
	"{"
	"      4 "
	"}"
	""
	"row336:"
	"{"
	"      0 "
	"}"
	""
	"row337:"
	"{"
	"      2 "
	"}"
	""
	"row338:"
	"{"
	"      4 "
	"}"
	""
	"row339:"
	"{"
	"      0 "
	"}"
	""
	"row340:"
	"{"
	"      0 "
	"}"
	""
	"row341:"
	"{"
	"      0 "
	"}"
	""
	"row342:"
	"{"
	"      2 "
	"}"
	""
	"row343:"
	"{"
	"      1 "
	"}"
	""
	"row344:"
	"{"
	"      1 "
	"}"
	""
	"row345:"
	"{"
	"      0 "
	"}"
	""
	"row346:"
	"{"
	"      0 "
	"}"
	""
	"row347:"
	"{"
	"      1 "
	"}"
	""
	"row348:"
	"{"
	"      2 "
	"}"
	""
	"row349:"
	"{"
	"      1 "
	"}"
	""
	"row350:"
	"{"
	"      0 "
	"}"
	""
	"row351:"
	"{"
	"      0 "
	"}"
	""
	"row352:"
	"{"
	"      0 "
	"}"
	""
	"row353:"
	"{"
	"      4 "
	"}"
	""
	"row354:"
	"{"
	"      0 "
	"}"
	""
	"row355:"
	"{"
	"      2 "
	"}"
	""
	"row356:"
	"{"
	"      2 "
	"}"
	""
	"row357:"
	"{"
	"      0 "
	"}"
	""
	"row358:"
	"{"
	"      2 "
	"}"
	""
	"row359:"
	"{"
	"      2 "
	"}"
	""
	"row360:"
	"{"
	"      0 "
	"}"
	""
	"row361:"
	"{"
	"      4 "
	"}"
	""
	"row362:"
	"{"
	"      0 "
	"}"
	""
	"row363:"
	"{"
	"      0 "
	"}"
	""
	"row364:"
	"{"
	"      0 "
	"}"
	""
	"row365:"
	"{"
	"      1 "
	"}"
	""
	"row366:"
	"{"
	"      2 "
	"}"
	""
	"row367:"
	"{"
	"      1 "
	"}"
	""
	"row368:"
	"{"
	"      0 "
	"}"
	""
	"row369:"
	"{"
	"      0 "
	"}"
	""
	"row370:"
	"{"
	"      1 "
	"}"
	""
	"row371:"
	"{"
	"      1 "
	"}"
	""
	"row372:"
	"{"
	"      2 "
	"}"
	""
	"row373:"
	"{"
	"      0 "
	"}"
	""
	"row374:"
	"{"
	"      0 "
	"}"
	""
	"row375:"
	"{"
	"      0 "
	"}"
	""
	"row376:"
	"{"
	"      4 "
	"}"
	""
	"row377:"
	"{"
	"      4 "
	"}"
	""
	"row378:"
	"{"
	"      4 "
	"}"
	""
	"row379:"
	"{"
	"      4 "
	"}"
	""
	"row380:"
	"{"
	"      2 "
	"}"
	""
	"row381:"
	"{"
	"      4 "
	"}"
	""
	"row382:"
	"{"
	"      4 "
	"}"
	""
	"row383:"
	"{"
	"      4 "
	"}"
	""
	"row384:"
	"{"
	"      4 "
	"}"
	""
	"row385:"
	"{"
	"      0 "
	"}"
	""
	"row386:"
	"{"
	"      0 "
	"}"
	""
	"row387:"
	"{"
	"      0 "
	"}"
	""
	"row388:"
	"{"
	"      2 "
	"}"
	""
	"row389:"
	"{"
	"      1 "
	"}"
	""
	"row390:"
	"{"
	"      1 "
	"}"
	""
	"row391:"
	"{"
	"      0 "
	"}"
	""
	"row392:"
	"{"
	"      0 "
	"}"
	""
	"row393:"
	"{"
	"      1 "
	"}"
	""
	"row394:"
	"{"
	"      2 "
	"}"
	""
	"row395:"
	"{"
	"      1 "
	"}"
	""
	"row396:"
	"{"
	"      1 "
	"}"
	""
	"row397:"
	"{"
	"      0 "
	"}"
	""
	"row398:"
	"{"
	"      0 "
	"}"
	""
	"row399:"
	"{"
	"      0 "
	"}"
	""
	"row400:"
	"{"
	"      0 "
	"}"
	""
	"row401:"
	"{"
	"      0 "
	"}"
	""
	"row402:"
	"{"
	"      0 "
	"}"
	""
	"row403:"
	"{"
	"      2 "
	"}"
	""
	"row404:"
	"{"
	"      0 "
	"}"
	""
	"row405:"
	"{"
	"      0 "
	"}"
	""
	"row406:"
	"{"
	"      0 "
	"}"
	""
	"row407:"
	"{"
	"      0 "
	"}"
	""
	"row408:"
	"{"
	"      0 "
	"}"
	""
	"row409:"
	"{"
	"      0 "
	"}"
	""
	"row410:"
	"{"
	"      1 "
	"}"
	""
	"row411:"
	"{"
	"      1 "
	"}"
	""
	"row412:"
	"{"
	"      2 "
	"}"
	""
	"row413:"
	"{"
	"      1 "
	"}"
	""
	"row414:"
	"{"
	"      0 "
	"}"
	""
	"row415:"
	"{"
	"      0 "
	"}"
	""
	"row416:"
	"{"
	"      0 "
	"}"
	""
	"row417:"
	"{"
	"      1 "
	"}"
	""
	"row418:"
	"{"
	"      2 "
	"}"
	""
	"row419:"
	"{"
	"      1 "
	"}"
	""
	"row420:"
	"{"
	"      1 "
	"}"
	""
	"row421:"
	"{"
	"      0 "
	"}"
	""
	"row422:"
	"{"
	"      0 "
	"}"
	""
	"row423:"
	"{"
	"      0 "
	"}"
	""
	"row424:"
	"{"
	"      0 "
	"}"
	""
	"row425:"
	"{"
	"      0 "
	"}"
	""
	"row426:"
	"{"
	"      2 "
	"}"
	""
	"row427:"
	"{"
	"      0 "
	"}"
	""
	"row428:"
	"{"
	"      0 "
	"}"
	""
	"row429:"
	"{"
	"      0 "
	"}"
	""
	"row430:"
	"{"
	"      0 "
	"}"
	""
	"row431:"
	"{"
	"      0 "
	"}"
	""
	"row432:"
	"{"
	"      1 "
	"}"
	""
	"row433:"
	"{"
	"      1 "
	"}"
	""
	"row434:"
	"{"
	"      2 "
	"}"
	""
	"row435:"
	"{"
	"      1 "
	"}"
	""
	"row436:"
	"{"
	"      0 "
	"}"
	""
	"row437:"
	"{"
	"      0 "
	"}"
	""
	"row438:"
	"{"
	"      0 "
	"}"
	""
	"row439:"
	"{"
	"      0 "
	"}"
	""
	"row440:"
	"{"
	"      0 "
	"}"
	""
	"row441:"
	"{"
	"      1 "
	"}"
	""
	"row442:"
	"{"
	"      2 "
	"}"
	""
	"row443:"
	"{"
	"      1 "
	"}"
	""
	"row444:"
	"{"
	"      1 "
	"}"
	""
	"row445:"
	"{"
	"      0 "
	"}"
	""
	"row446:"
	"{"
	"      0 "
	"}"
	""
	"row447:"
	"{"
	"      0 "
	"}"
	""
	"row448:"
	"{"
	"      0 "
	"}"
	""
	"row449:"
	"{"
	"      2 "
	"}"
	""
	"row450:"
	"{"
	"      0 "
	"}"
	""
	"row451:"
	"{"
	"      0 "
	"}"
	""
	"row452:"
	"{"
	"      0 "
	"}"
	""
	"row453:"
	"{"
	"      0 "
	"}"
	""
	"row454:"
	"{"
	"      1 "
	"}"
	""
	"row455:"
	"{"
	"      1 "
	"}"
	""
	"row456:"
	"{"
	"      2 "
	"}"
	""
	"row457:"
	"{"
	"      1 "
	"}"
	""
	"row458:"
	"{"
	"      0 "
	"}"
	""
	"row459:"
	"{"
	"      0 "
	"}"
	""
	"row460:"
	"{"
	"      0 "
	"}"
	""
	"row461:"
	"{"
	"      0 "
	"}"
	""
	"row462:"
	"{"
	"      0 "
	"}"
	""
	"row463:"
	"{"
	"      0 "
	"}"
	""
	"row464:"
	"{"
	"      0 "
	"}"
	""
	"row465:"
	"{"
	"      1 "
	"}"
	""
	"row466:"
	"{"
	"      2 "
	"}"
	""
	"row467:"
	"{"
	"      1 "
	"}"
	""
	"row468:"
	"{"
	"      2 "
	"}"
	""
	"row469:"
	"{"
	"      1 "
	"}"
	""
	"row470:"
	"{"
	"      2 "
	"}"
	""
	"row471:"
	"{"
	"      1 "
	"}"
	""
	"row472:"
	"{"
	"      2 "
	"}"
	""
	"row473:"
	"{"
	"      1 "
	"}"
	""
	"row474:"
	"{"
	"      2 "
	"}"
	""
	"row475:"
	"{"
	"      1 "
	"}"
	""
	"row476:"
	"{"
	"      2 "
	"}"
	""
	"row477:"
	"{"
	"      1 "
	"}"
	""
	"row478:"
	"{"
	"      2 "
	"}"
	""
	"row479:"
	"{"
	"      1 "
	"}"
	""
	"row480:"
	"{"
	"      0 "
	"}"
	""
	"row481:"
	"{"
	"      0 "
	"}"
	""
	"row482:"
	"{"
	"      0 "
	"}"
	""
	"row483:"
	"{"
	"      0 "
	"}"
	""
	"row484:"
	"{"
	"      0 "
	"}"
	""
	"row485:"
	"{"
	"      0 "
	"}"
	""
	"row486:"
	"{"
	"      0 "
	"}"
	""
	"row487:"
	"{"
	"      0 "
	"}"
	""
	"row488:"
	"{"
	"      0 "
	"}"
	""
	"row489:"
	"{"
	"      1 "
	"}"
	""
	"row490:"
	"{"
	"      2 "
	"}"
	""
	"row491:"
	"{"
	"      1 "
	"}"
	""
	"row492:"
	"{"
	"      2 "
	"}"
	""
	"row493:"
	"{"
	"      1 "
	"}"
	""
	"row494:"
	"{"
	"      2 "
	"}"
	""
	"row495:"
	"{"
	"      1 "
	"}"
	""
	"row496:"
	"{"
	"      2 "
	"}"
	""
	"row497:"
	"{"
	"      1 "
	"}"
	""
	"row498:"
	"{"
	"      2 "
	"}"
	""
	"row499:"
	"{"
	"      1 "
	"}"
	""
	"row500:"
	"{"
	"      2 "
	"}"
	""
	"row501:"
	"{"
	"      1 "
	"}"
	""
	"row502:"
	"{"
	"      0 "
	"}"
	""
	"row503:"
	"{"
	"      0 "
	"}"
	""
	"row504:"
	"{"
	"      0 "
	"}"
	""
	"row505:"
	"{"
	"      0 "
	"}"
	""
	"row506:"
	"{"
	"      0 "
	"}"
	""
	"row507:"
	"{"
	"      0 "
	"}"
	""
	"row508:"
	"{"
	"      0 "
	"}"
	""
	"row509:"
	"{"
	"      0 "
	"}"
	""
	"row510:"
	"{"
	"      0 "
	"}"
	""
	"row511:"
	"{"
	"      0 "
	"}"
	""
	"row512:"
	"{"
	"      0 "
	"}"
	""
	"row513:"
	"{"
	"      1 "
	"}"
	""
	"row514:"
	"{"
	"      1 "
	"}"
	""
	"row515:"
	"{"
	"      1 "
	"}"
	""
	"row516:"
	"{"
	"      1 "
	"}"
	""
	"row517:"
	"{"
	"      1 "
	"}"
	""
	"row518:"
	"{"
	"      1 "
	"}"
	""
	"row519:"
	"{"
	"      1 "
	"}"
	""
	"row520:"
	"{"
	"      1 "
	"}"
	""
	"row521:"
	"{"
	"      1 "
	"}"
	""
	"row522:"
	"{"
	"      1 "
	"}"
	""
	"row523:"
	"{"
	"      1 "
	"}"
	""
	"row524:"
	"{"
	"      0 "
	"}"
	""
	"row525:"
	"{"
	"      0 "
	"}"
	""
	"row526:"
	"{"
	"      0 "
	"}"
	""
	"row527:"
	"{"
	"      0 "
	"}"
	""
	"row528:"
	"{"
	"      0 "
	"}"
	""
	"row529:"
	"{"
	"      0 "
	"}"
	""
	"row530:"
	"{"
	"      0 "
	"}"
	""
	"row531:"
	"{"
	"      0 "
	"}"
	""
	"row532:"
	"{"
	"      0 "
	"}"
	""
	"row533:"
	"{"
	"      0 "
	"}"
	""
	"row534:"
	"{"
	"      0 "
	"}"
	""
	"row535:"
	"{"
	"      0 "
	"}"
	""
	"row536:"
	"{"
	"      0 "
	"}"
	""
	"row537:"
	"{"
	"      0 "
	"}"
	""
	"row538:"
	"{"
	"      0 "
	"}"
	""
	"row539:"
	"{"
	"      0 "
	"}"
	""
	"row540:"
	"{"
	"      0 "
	"}"
	""
	"row541:"
	"{"
	"      0 "
	"}"
	""
	"row542:"
	"{"
	"      0 "
	"}"
	""
	"row543:"
	"{"
	"      0 "
	"}"
	""
	"row544:"
	"{"
	"      0 "
	"}"
	""
	"row545:"
	"{"
	"      0 "
	"}"
	""
	"row546:"
	"{"
	"      0 "
	"}"
	""
	"row547:"
	"{"
	"      0 "
	"}"
	""
	"row548:"
	"{"
	"      0 "
	"}"
	""
	"row549:"
	"{"
	"      0 "
	"}"
	""
	"row550:"
	"{"
	"      0 "
	"}"
	""
	"row551:"
	"{"
	"      0 "
	"}"
	""
	"row552:"
	"{"
	"      0 "
	"}"
  }

CELL 1 225 250
	0 0
	0 0 0
	{ 0 0 0 0 0
	  0 0 0 0 0 }
	{
	}
	{
	}

