1 0 0 0:[0, 999]
5 1 1 1:[0, 1999]
6 4 4 4:[0, 999]
11 9 9 4:[0, 1999]
24 13 13 3:[0, 1999]
27 24 24 4:[0, 1999]
36 32 32 9:[0, 1999]
47 42 42 9:[0, 1999]
51 37 37 5:[0, 999]
53 20 20 8:[0, 999]
57 51 51 6:[0, 999]
56 41 41 6:[0, 1999]
59 33 33 12:[0, 999]
61 57 57 7:[0, 999]
65 62 62 9:[0, 1999]
71 68 68 11:[0, 1999]
72 32 32 9:[0, 999]
73 1 1 1:[0, 999]
77 73 73 2:[0, 999]
80 68 68 11:[0, 1999]
83 5 5 2:[0, 999]
85 71 71 12:[0, 1999]
91 84 84 14:[0, 999]
115 110 110 14:[0, 1999]
122 113 113 10:[0, 999]
124 115 115 15:[0, 1999]
126 118 118 18:[0, 999]
135 24 24 4:[0, 1999]
136 110 110 14:[0, 1999]
138 131 131 17:[0, 999]
140 6 6 5:[0, 999]
141 83 83 3:[0, 1999]
145 136 136 15:[0, 1999]
144 18 18 10:[0, 999]
149 142 142 8:[0, 1999]
148 99 99 11:[0, 999]
152 143 143 6:[0, 999]
151 123 123 14:[0, 999]
160 91 91 15:[0, 999]
167 136 136 15:[0, 1999]
174 165 165 6:[0, 999]
173 144 144 11:[0, 999]
176 122 122 11:[0, 999]
178 45 45 7:[0, 1999]
189 177 177 7:[0, 1999]
186 66 66 12:[0, 999]
191 154 154 8:[0, 999]
194 182 182 8:[0, 999]
195 185 185 10:[0, 999]
199 160 160 16:[0, 999]
203 192 192 16:[0, 999]
206 166 166 6:[0, 1999]
213 203 203 17:[0, 1999]
212 173 173 12:[0, 999]
211 171 171 7:[0, 999]
219 194 194 9:[0, 999]
229 187 187 8:[0, 1999]
236 223 223 9:[0, 999]
235 224 224 14:[0, 999]
234 196 196 14:[0, 1999]
241 228 228 11:[0, 999]
248 234 234 15:[0, 999]
250 206 206 7:[0, 999]
251 240 240 18:[0, 999]
256 91 91 15:[0, 999]
257 217 217 8:[0, 999]
258 250 250 8:[0, 999]
260 186 186 13:[0, 999]
263 193 152 7:[0, 999]
273 259 259 17:[0, 999]
272 199 199 17:[0, 999]
278 203 203 17:[0, 999]
280 267 267 11:[0, 999]
282 240 240 18:[0, 999]
283 243 243 8:[0, 999]
285 273 273 18:[0, 999]
289 250 250 8:[0, 1999]
290 280 280 12:[0, 999]
292 210 210 7:[0, 999]
293 212 212 13:[0, 999]
297 257 257 9:[0, 999]
302 264 264 9:[0, 999]
312 234 234 15:[0, 999]
318 304 304 18:[0, 999]
316 246 246 18:[0, 999]
320 237 237 15:[0, 999]
322 307 307 12:[0, 1999]
321 206 206 7:[0, 1999]
323 280 280 12:[0, 999]
327 186 186 13:[0, 999]
326 160 160 16:[0, 999]
331 317 317 19:[0, 999]
333 80 80 12:[0, 999]
337 323 323 13:[0, 4999]
336 292 292 8:[0, 999]
339 259 259 17:[0, 999]
338 199 199 17:[0, 999]
344 203 203 17:[0, 999]
343 201 201 9:[0, 1999]
348 85 85 13:[0, 1999]
352 338 338 18:[0, 999]
351 273 273 18:[0, 999]
350 91 91 15:[0, 999]
353 222 222 11:[0, 999]
357 345 345 16:[0, 999]
361 282 282 19:[0, 999]
360 211 211 8:[0, 1999]
363 257 257 9:[0, 999]
365 117 117 9:[0, 999]
364 59 59 13:[0, 999]
366 357 357 17:[0, 999]
368 109 109 14:[0, 999]
370 323 323 13:[0, 999]
369 199 199 17:[0, 999]
371 326 326 17:[0, 999]
372 73 73 2:[0, 999]
374 366 366 18:[0, 999]
373 292 292 8:[0, 999]
375 368 368 15:[0, 999]
381 375 375 16:[0, 999]
382 251 251 19:[0, 999]
385 357 357 17:[0, 999]
384 317 317 19:[0, 999]
386 111 111 17:[0, 999]
387 381 381 17:[0, 999]
388 199 199 17:[0, 999]
389 320 320 16:[0, 999]
390 331 331 20:[0, 999]
391 386 386 18:[0, 1999]
392 126 126 19:[0, 999]
394 368 368 15:[0, 1999]
393 136 136 15:[0, 1999]
396 387 387 18:[0, 999]
395 291 280 12:[0, 999]
398 270 270 12:[0, 999]
397 145 145 16:[0, 999]
400 373 373 9:[0, 999]
401 391 391 19:[0, 999]
403 393 393 16:[0, 1999]
405 333 333 13:[0, 999]
407 350 350 16:[0, 999]
406 348 348 14:[0, 999]
408 343 343 10:[0, 999]
410 399 399 12:[0, 999]
414 401 401 20:[0, 999]
415 341 341 15:[0, 999]
416 302 302 10:[0, 999]
418 297 297 10:[0, 999]
419 292 292 8:[0, 1999]
420 405 405 14:[0, 999]
422 331 331 20:[0, 999]
423 387 387 18:[0, 999]
424 159 421 19:[0, 999]
425 417 417 16:[0, 999]
426 419 419 9:[0, 999]
427 420 420 15:[0, 1999]
428 391 391 19:[0, 999]
429 394 394 16:[0, 999]
432 377 428 20:[0, 1999]
431 285 285 19:[0, 999]
433 191 191 9:[0, 999]
436 394 429 17:[0, 999]
435 401 401 20:[0, 999]
439 400 400 10:[0, 999]
440 337 337 14:[0, 999]
441 297 297 10:[0, 999]
443 373 373 9:[0, 999]
442 280 280 12:[0, 999]
445 431 431 20:[0, 999]
444 406 406 15:[0, 999]
446 433 433 10:[0, 999]
448 435 435 21:[0, 999]
447 436 436 18:[0, 999]
449 386 415 16:[0, 999]
451 384 384 20:[0, 999]
452 302 302 10:[0, 999]
454 418 418 11:[0, 999]
455 440 440 15:[0, 999]
457 420 420 15:[0, 999]
461 444 444 16:[0, 1999]
460 442 442 13:[0, 999]
459 375 375 16:[0, 999]
458 290 290 13:[0, 999]
462 73 73 2:[0, 999]
463 452 452 11:[0, 999]
476 385 385 18:[1000, 1999]
480 470 470 15:[1000, 3999]
506 498 498 22:[1000, 1999]
533 522 522 11:[1000, 1999]
532 494 494 17:[1000, 1999]
546 422 422 21:[1000, 2999]
551 461 461 17:[1000, 1999]
562 554 554 21:[1000, 2999]
576 515 515 22:[1000, 1999]
583 551 551 18:[1000, 1999]
598 591 591 5:[1000, 1999]
639 366 366 18:[1000, 1999]
641 635 635 26:[1000, 1999]
652 625 625 19:[1000, 3999]
681 674 674 20:[1000, 3999]
682 676 676 21:[1000, 3999]
695 688 688 4:[1000, 1999]
711 682 682 22:[1000, 1999]
719 708 708 21:[1000, 1999]
733 724 724 6:[1000, 2999]
747 336 336 9:[1000, 1999]
759 752 752 14:[1000, 1999]
763 660 660 12:[1000, 1999]
765 756 756 30:[1000, 1999]
767 495 742 12:[1000, 1999]
772 316 316 19:[1000, 1999]
795 783 783 6:[1000, 1999]
800 446 792 28:[1000, 1999]
805 791 791 9:[1000, 2999]
806 699 699 17:[1000, 1999]
812 706 706 24:[1000, 1999]
817 806 806 18:[1000, 1999]
825 813 813 5:[1000, 1999]
826 747 747 10:[1000, 1999]
829 502 502 16:[1000, 1999]
832 605 605 7:[1000, 1999]
837 786 797 13:[1000, 1999]
846 582 836 12:[1000, 1999]
845 829 829 17:[1000, 1999]
844 382 382 20:[1000, 1999]
855 806 806 18:[1000, 1999]
860 853 853 21:[1000, 1999]
865 858 858 19:[1000, 1999]
871 779 779 26:[1000, 1999]
877 862 862 7:[1000, 2999]
879 865 865 20:[1000, 1999]
878 834 834 23:[1000, 1999]
882 840 840 20:[1000, 1999]
886 873 873 29:[1000, 1999]
884 798 798 26:[1000, 1999]
887 688 688 4:[1000, 1999]
888 879 879 21:[1000, 1999]
890 574 574 6:[1000, 1999]
891 882 882 21:[1000, 1999]
897 887 887 5:[1000, 1999]
902 765 765 31:[1000, 1999]
906 895 895 9:[1000, 1999]
908 899 899 31:[1000, 1999]
911 901 901 23:[1000, 1999]
914 360 360 9:[1000, 1999]
915 844 844 21:[1000, 2999]
916 698 698 20:[1000, 1999]
918 840 840 20:[1000, 1999]
924 887 887 5:[1000, 1999]
926 917 917 26:[1000, 1999]
928 918 918 21:[1000, 1999]
929 891 891 22:[1000, 1999]
933 836 836 12:[1000, 1999]
934 922 922 34:[1000, 1999]
938 923 923 11:[1000, 1999]
939 897 897 6:[1000, 1999]
943 765 765 31:[1000, 1999]
950 932 932 11:[1000, 2999]
949 902 902 32:[1000, 1999]
952 825 825 6:[1000, 1999]
956 935 935 19:[1000, 1999]
955 795 795 7:[1000, 1999]
954 711 711 23:[1000, 1999]
957 908 908 32:[1000, 1999]
959 943 943 32:[1000, 1999]
961 914 914 10:[1000, 2999]
965 956 956 20:[1000, 1999]
967 360 360 9:[1000, 1999]
969 959 959 33:[1000, 1999]
972 766 766 13:[1000, 1999]
975 891 891 22:[1000, 1999]
978 928 928 22:[1000, 1999]
979 965 965 21:[1000, 1999]
981 806 806 18:[1000, 1999]
984 844 844 21:[1000, 1999]
986 923 980 11:[1000, 1999]
987 871 871 27:[1000, 1999]
989 935 935 19:[1000, 1999]
990 765 765 31:[1000, 1999]
991 945 945 20:[1000, 1999]
994 982 982 23:[1000, 1999]
993 877 877 8:[1000, 1999]
995 985 985 3:[1000, 2999]
998 914 914 10:[1000, 1999]
997 911 911 24:[1000, 1999]
1002 990 990 32:[1000, 1999]
1001 989 989 20:[1000, 1999]
1000 956 956 20:[1000, 1999]
999 533 533 12:[1000, 1999]
1003 918 918 21:[1000, 1999]
1005 995 995 4:[1000, 1999]
1006 772 772 20:[1000, 1999]
1007 967 967 10:[1000, 2999]
1008 829 829 17:[1000, 1999]
1010 974 974 22:[1000, 1999]
1009 845 845 18:[1000, 1999]
1011 887 887 5:[1000, 1999]
1014 916 916 21:[1000, 1999]
1015 1009 1009 19:[1000, 2999]
1016 1013 1013 6:[1000, 1999]
1017 853 853 21:[1000, 1999]
1020 533 533 12:[1000, 1999]
1022 1015 1015 20:[1000, 1999]
1021 855 855 19:[1000, 1999]
1024 1016 1016 7:[1000, 1999]
1025 1017 1017 22:[1000, 1999]
1027 827 957 33:[1000, 1999]
1028 767 767 13:[1000, 1999]
1032 829 829 17:[1000, 1999]
1033 885 943 32:[1000, 1999]
1034 975 975 23:[1000, 1999]
1036 1008 1008 18:[1000, 1999]
1035 639 639 19:[1000, 1999]
1037 916 916 21:[1000, 1999]
1040 1029 1029 22:[1000, 1999]
1041 747 747 10:[1000, 2999]
1043 1013 1013 6:[1000, 1999]
1042 845 845 18:[1000, 1999]
1044 965 965 21:[1000, 1999]
1045 1033 1033 33:[1000, 1999]
1046 858 858 19:[1000, 2999]
1048 1042 1042 19:[1000, 1999]
1047 959 957 33:[1000, 1999]
1050 1017 1017 22:[1000, 1999]
1049 860 860 22:[1000, 1999]
1051 1044 1044 22:[1000, 1999]
1052 934 934 35:[1000, 1999]
1053 1045 1045 34:[1000, 1999]
1054 763 763 13:[1000, 1999]
1056 985 995 4:[1000, 1999]
1055 972 972 14:[1000, 1999]
1058 1046 1046 20:[1000, 1999]
1057 989 989 20:[1000, 1999]
1059 1047 1047 34:[1000, 1999]
1060 767 767 13:[1000, 1999]
1062 1049 1049 23:[1000, 1999]
1061 1025 1025 23:[1000, 1999]
1063 1028 1028 14:[1000, 1999]
1065 1056 1056 5:[1000, 1999]
1064 943 943 32:[1000, 1999]
1066 1058 1058 21:[1000, 1999]
1067 914 914 10:[1000, 1999]
1068 1059 1059 35:[1000, 1999]
1074 1005 1005 5:[2000, 2999]
1085 1073 1073 21:[2000, 2999]
1113 1099 1099 6:[2000, 3999]
1138 825 825 6:[2000, 2999]
1252 1234 1234 22:[2000, 4999]
1270 1212 1212 13:[2000, 2999]
1290 846 846 13:[2000, 2999]
1297 1094 1094 21:[2000, 2999]
1300 1283 1283 7:[2000, 2999]
1310 1297 1297 22:[2000, 2999]
1311 1088 1088 21:[2000, 2999]
1419 1339 1339 12:[2000, 2999]
1444 1421 1421 9:[2000, 2999]
1447 200 1007 11:[2000, 2999]
1458 1431 1431 8:[2000, 2999]
1456 1369 1369 6:[2000, 2999]
1480 1307 1307 8:[2000, 2999]
1478 826 826 11:[2000, 2999]
1486 1401 1401 25:[2000, 2999]
1522 1359 1359 13:[2000, 2999]
1529 1499 1499 13:[2000, 3999]
1527 1420 1420 29:[2000, 2999]
1543 1522 1522 14:[2000, 2999]
1547 1462 1462 32:[2000, 2999]
1605 1507 1507 25:[2000, 2999]
1619 1337 1337 10:[2000, 2999]
1626 1349 1349 24:[2000, 2999]
1632 1547 1547 33:[2000, 4999]
1648 1555 1555 9:[2000, 2999]
1663 1469 1469 23:[2000, 2999]
1668 845 845 18:[2000, 2999]
1672 1643 1643 36:[2000, 2999]
1675 1579 1579 10:[2000, 2999]
1686 1658 1658 12:[2000, 2999]
1706 1675 1675 11:[2000, 2999]
1710 1254 1254 25:[2000, 2999]
1751 1550 1550 21:[2000, 2999]
1756 1728 1728 14:[2000, 2999]
1771 1553 1553 23:[2000, 2999]
1774 1740 1740 29:[2000, 2999]
1797 1773 1773 20:[2000, 2999]
1811 1707 1707 10:[2000, 2999]
1846 1261 1624 38:[2000, 2999]
1880 1657 1657 14:[2000, 2999]
1915 1883 1883 25:[2000, 2999]
1924 1474 1474 12:[2000, 2999]
1925 1892 1892 13:[2000, 2999]
1931 1901 1901 33:[2000, 2999]
1930 1895 1895 33:[2000, 2999]
1940 1915 1915 26:[2000, 2999]
1957 1113 1113 7:[2000, 3999]
2000 1542 1542 32:[2000, 2999]
2004 1978 1978 13:[2000, 2999]
2014 1914 1914 26:[2000, 2999]
2019 1349 1349 24:[2000, 2999]
2027 1995 1995 16:[2000, 2999]
2040 2007 2007 9:[2000, 2999]
2043 1767 1767 24:[2000, 2999]
2049 1113 1113 7:[2000, 4999]
2069 2049 2049 8:[2000, 2999]
2079 1565 1565 31:[2000, 2999]
2077 1489 1489 15:[2000, 2999]
2082 1046 1046 20:[2000, 3999]
2099 2069 2069 9:[2000, 2999]
2102 1151 1151 23:[2000, 2999]
2113 1979 1979 33:[2000, 2999]
2119 2000 2000 33:[2000, 2999]
2132 2100 2100 36:[2000, 2999]
2136 1703 1703 13:[2000, 2999]
2144 1490 1490 31:[2000, 2999]
2176 2144 2144 32:[2000, 2999]
2174 2147 2147 41:[2000, 2999]
2184 2061 2061 36:[2000, 2999]
2187 1151 1151 23:[2000, 2999]
2194 1980 1980 37:[2000, 2999]
2202 2176 2176 33:[2000, 2999]
2201 1991 1991 31:[2000, 2999]
2199 1737 1737 12:[2000, 2999]
2210 2014 2188 28:[2000, 2999]
2214 2183 2183 10:[2000, 2999]
2212 1767 1767 24:[2000, 2999]
2217 2100 2100 36:[2000, 2999]
2220 1657 1657 14:[2000, 3999]
2225 2102 2102 24:[2000, 2999]
2231 2117 2117 27:[2000, 2999]
2235 2120 2120 28:[2000, 2999]
2237 1490 1490 31:[2000, 2999]
2248 2210 2210 29:[2000, 2999]
2245 1108 1108 22:[2000, 2999]
2251 2211 2211 39:[2000, 2999]
2255 1138 1138 7:[2000, 2999]
2261 2222 2222 16:[2000, 2999]
2263 2146 2146 37:[2000, 2999]
2267 2032 2032 35:[2000, 2999]
2277 2245 2245 23:[2000, 2999]
2278 1915 1915 26:[2000, 2999]
2281 2090 2090 32:[2000, 2999]
2284 2255 2255 8:[2000, 2999]
2287 2201 2201 32:[2000, 2999]
2289 1706 1706 12:[2000, 2999]
2296 2271 2271 13:[2000, 2999]
2299 2273 2273 40:[2000, 2999]
2303 2068 2068 35:[2000, 2999]
2302 2048 2048 33:[2000, 2999]
2301 1767 1767 24:[2000, 2999]
2309 2040 2040 10:[2000, 3999]
2321 2211 2211 39:[2000, 2999]
2320 1883 1883 25:[2000, 2999]
2324 2216 2216 16:[2000, 2999]
2326 1686 1686 13:[2000, 2999]
2329 2108 2108 38:[2000, 2999]
2331 1210 1210 21:[2000, 2999]
2338 2306 2306 12:[2000, 2999]
2337 2308 2308 10:[2000, 2999]
2340 2138 2138 25:[2000, 2999]
2339 2072 2072 35:[2000, 2999]
2348 2230 2230 39:[2000, 2999]
2350 2319 2319 12:[2000, 2999]
2351 2324 2324 17:[2000, 2999]
2356 2255 2255 8:[2000, 3999]
2355 2256 2256 31:[2000, 2999]
2354 2164 2164 44:[2000, 2999]
2361 2111 2111 12:[2000, 2999]
2359 1759 1759 18:[2000, 2999]
2357 1151 1151 23:[2000, 2999]
2363 2079 2079 32:[2000, 2999]
2367 2117 2117 27:[2000, 2999]
2372 2342 2342 36:[2000, 3999]
2376 2344 2344 39:[2000, 2999]
2375 2277 2277 24:[2000, 2999]
2374 2271 2271 13:[2000, 2999]
2383 2349 2349 13:[2000, 2999]
2382 2350 2350 13:[2000, 2999]
2386 2351 2351 18:[2000, 2999]
2384 733 733 7:[2000, 2999]
2389 2355 2355 32:[2000, 2999]
2390 2025 2025 35:[2000, 2999]
2393 2289 2289 13:[2000, 2999]
2397 2366 2366 22:[2000, 2999]
2401 2364 2364 40:[2000, 2999]
2406 2368 2368 26:[2000, 2999]
2405 1920 2211 39:[2000, 2999]
2408 2375 2375 25:[2000, 2999]
2410 2282 2282 37:[2000, 2999]
2411 2071 2071 34:[2000, 2999]
2416 2378 2378 46:[2000, 2999]
2415 2301 2301 25:[2000, 2999]
2413 2043 2043 25:[2000, 2999]
2419 2386 2386 19:[2000, 2999]
2420 1902 1902 37:[2000, 2999]
2424 2299 2299 41:[2000, 2999]
2422 1046 1046 20:[2000, 2999]
2426 1920 1920 36:[2000, 2999]
2428 1751 1751 22:[2000, 2999]
2430 2391 2391 37:[2000, 2999]
2434 1811 1811 11:[2000, 2999]
2441 2408 2408 26:[2000, 2999]
2439 1113 1113 7:[2000, 2999]
2443 2406 2406 27:[2000, 2999]
2442 2341 2341 32:[2000, 2999]
2445 2192 2192 20:[2000, 2999]
2444 1619 1619 11:[2000, 2999]
2447 2417 2417 15:[2000, 2999]
2446 2310 2310 38:[2000, 2999]
2449 1516 2129 19:[2000, 2999]
2457 2422 2422 21:[2000, 2999]
2456 2423 2423 34:[2000, 2999]
2455 2336 2336 21:[2000, 2999]
2459 2426 2426 37:[2000, 2999]
2458 2329 2329 39:[2000, 2999]
2460 1447 1447 12:[2000, 2999]
2463 2164 2164 44:[2000, 2999]
2471 2438 2438 24:[2000, 2999]
2470 2079 2079 32:[2000, 2999]
2469 1864 1864 11:[2000, 2999]
2475 2439 2439 8:[2000, 3999]
2473 2437 2437 38:[2000, 2999]
2472 2346 2346 47:[2000, 2999]
2479 2445 2445 21:[2000, 2999]
2478 2355 2355 32:[2000, 2999]
2483 2447 2447 16:[2000, 2999]
2486 2344 2344 39:[2000, 2999]
2496 2452 2452 38:[2000, 2999]
2495 2455 2455 22:[2000, 2999]
2494 2456 2456 35:[2000, 2999]
2493 2457 2457 22:[2000, 2999]
2489 2029 2029 32:[2000, 2999]
2499 2102 2102 24:[2000, 2999]
2501 1716 1716 35:[2000, 2999]
2509 2460 2460 13:[2000, 2999]
2507 2453 2453 34:[2000, 2999]
2503 2252 2252 35:[2000, 2999]
2510 2184 2473 39:[2000, 2999]
2511 2267 2267 36:[2000, 2999]
2514 2467 2467 13:[2000, 2999]
2513 2463 2463 45:[2000, 2999]
2516 2383 2383 14:[2000, 2999]
2524 2477 2477 12:[2000, 2999]
2522 2389 2389 33:[2000, 2999]
2520 2370 2270 31:[2000, 2999]
2527 2481 2481 11:[2000, 2999]
2526 2483 2483 17:[2000, 2999]
2525 2301 2301 25:[2000, 2999]
2528 2154 2154 36:[2000, 2999]
2531 2484 2484 37:[2000, 2999]
2530 2061 2061 36:[2000, 2999]
2529 1859 1859 18:[2000, 2999]
2536 2499 2499 25:[2000, 2999]
2535 2416 2416 47:[2000, 2999]
2537 2492 2492 35:[2000, 2999]
2541 2509 2509 14:[2000, 2999]
2540 2077 2077 16:[2000, 2999]
2545 2504 2504 36:[2000, 2999]
2544 2398 2398 37:[2000, 2999]
2543 2401 2401 41:[2000, 2999]
2546 2510 2510 40:[2000, 2999]
2549 2516 2516 15:[2000, 2999]
2551 2406 2406 27:[2000, 2999]
2550 1811 1811 11:[2000, 2999]
2554 2526 2526 18:[2000, 2999]
2553 2426 2426 37:[2000, 2999]
2557 1579 2441 27:[2000, 2999]
2556 2302 2302 34:[2000, 2999]
2555 1799 1799 33:[2000, 2999]
2558 1737 1737 12:[2000, 2999]
2563 2529 2529 19:[2000, 2999]
2565 2521 2521 35:[2000, 2999]
2564 2340 2340 26:[2000, 2999]
2569 2530 2530 37:[2000, 2999]
2568 2533 2533 38:[2000, 2999]
2567 2438 2438 24:[2000, 2999]
2566 2434 2434 12:[2000, 2999]
2573 2540 2540 17:[2000, 2999]
2572 2541 2541 15:[2000, 2999]
2570 2354 2354 45:[2000, 2999]
2574 2538 2538 38:[2000, 2999]
2580 2544 2544 38:[2000, 2999]
2579 2545 2545 37:[2000, 2999]
2578 2444 2444 12:[2000, 2999]
2583 2549 2549 16:[2000, 2999]
2582 2309 2251 40:[2000, 2999]
2581 2217 2217 37:[2000, 2999]
2585 2550 2550 12:[2000, 2999]
2586 2548 2548 26:[2000, 2999]
2589 2443 2443 28:[2000, 2999]
2595 2553 2553 38:[2000, 2999]
2594 2554 2554 19:[2000, 2999]
2592 2156 2156 9:[2000, 2999]
2598 2555 2555 34:[2000, 2999]
2600 2144 2144 32:[2000, 2999]
2603 2345 2345 17:[2000, 2999]
2602 1729 1729 30:[2000, 2999]
2605 2572 2572 16:[2000, 2999]
2604 2520 2520 32:[2000, 2999]
2610 2569 2569 38:[2000, 2999]
2609 2481 2481 11:[2000, 2999]
2608 2446 2446 39:[2000, 2999]
2607 1716 1716 35:[2000, 2999]
2606 1046 1046 20:[2000, 2999]
2614 2565 2565 36:[2000, 2999]
2613 2471 2471 25:[2000, 2999]
2617 2578 2578 13:[2000, 2999]
2616 2497 2497 46:[2000, 2999]
2618 2583 2583 17:[2000, 2999]
2622 2473 2473 39:[2000, 2999]
2621 2346 2346 47:[2000, 2999]
2625 2586 2586 27:[2000, 2999]
2624 2338 2338 13:[2000, 2999]
2628 2589 2589 29:[2000, 2999]
2627 2501 2501 36:[2000, 2999]
2626 2466 2466 36:[2000, 2999]
2631 2080 2609 12:[2000, 2999]
2630 2079 2079 32:[2000, 2999]
2632 2252 2252 35:[2000, 2999]
2635 2600 2600 33:[2000, 2999]
2634 2601 2601 28:[2000, 2999]
2637 2029 2029 32:[2000, 2999]
2638 2605 2605 17:[2000, 2999]
2640 2607 2607 36:[2000, 2999]
2639 2201 2201 32:[2000, 2999]
2642 2361 2361 13:[2000, 2999]
2644 2610 2610 39:[2000, 2999]
2648 2525 2525 26:[2000, 2999]
2647 2408 2408 26:[2000, 2999]
2650 2077 2077 16:[2000, 2999]
2649 1543 1543 15:[2000, 2999]
2651 2367 2367 28:[2000, 2999]
2657 2614 2614 37:[2000, 2999]
2656 2529 2529 19:[2000, 2999]
2655 2183 2183 10:[2000, 2999]
2654 2000 2000 33:[2000, 2999]
2653 1990 1990 14:[2000, 2999]
2663 2624 2624 14:[2000, 2999]
2662 2535 2535 48:[2000, 2999]
2661 2363 2363 33:[2000, 2999]
2660 2340 2340 26:[2000, 2999]
2658 2289 2289 13:[2000, 2999]
2664 2541 2541 15:[2000, 2999]
2668 2626 2626 37:[2000, 2999]
2667 2530 2530 37:[2000, 2999]
2666 2397 2397 23:[2000, 2999]
2665 2355 2355 32:[2000, 2999]
2670 2634 2634 29:[2000, 2999]
2671 1846 1846 39:[2000, 2999]
2672 2638 2638 18:[2000, 2999]
2674 2546 2546 41:[2000, 2999]
2673 2537 2537 36:[2000, 2999]
2679 2646 2646 19:[2000, 2999]
2678 2648 2648 27:[2000, 2999]
2677 1672 1672 37:[2000, 2999]
2682 2650 2650 17:[2000, 2999]
2681 2555 2555 34:[2000, 2999]
2680 2557 2557 28:[2000, 3999]
2687 2531 2668 38:[2000, 2999]
2686 2551 2551 28:[2000, 2999]
2685 2406 2406 27:[2000, 2999]
2684 2359 2359 19:[2000, 2999]
2683 2217 2217 37:[2000, 2999]
2689 2656 2656 20:[2000, 2999]
2688 2563 2563 20:[2000, 2999]
2691 2660 2660 27:[2000, 2999]
2692 2339 2339 36:[2000, 2999]
2694 2664 2664 16:[2000, 2999]
2696 2665 2665 33:[2000, 2999]
2695 2666 2666 24:[2000, 2999]
2701 2667 2667 38:[2000, 2999]
2700 2569 2569 38:[2000, 2999]
2699 2611 1931 34:[2000, 2999]
2698 1046 1046 20:[2000, 2999]
2705 1846 2677 38:[2000, 2999]
2704 2578 2578 13:[2000, 2999]
2702 2093 2093 33:[2000, 2999]
2706 2581 2581 38:[2000, 2999]
2707 2400 2400 46:[2000, 2999]
2710 2592 2592 10:[2000, 2999]
2709 2580 2580 39:[2000, 2999]
2708 2445 2445 21:[2000, 2999]
2711 2673 2673 37:[2000, 2999]
2712 2680 2680 29:[2000, 2999]
2713 2209 2235 29:[2000, 2999]
2714 2579 2579 38:[2000, 2999]
2720 2691 2691 28:[2000, 2999]
2719 2685 2685 28:[2000, 2999]
2718 2686 2686 29:[2000, 2999]
2717 2600 2600 33:[2000, 2999]
2716 2589 2589 29:[2000, 2999]
2715 2443 2443 28:[2000, 2999]
2721 2692 2692 37:[2000, 2999]
2724 2693 2693 19:[2000, 2999]
2723 2389 2389 33:[2000, 2999]
2722 2040 2040 10:[2000, 2999]
2725 2696 2696 34:[2000, 2999]
2729 2698 2698 21:[2000, 2999]
2728 2699 2699 35:[2000, 2999]
2727 2348 2348 40:[2000, 2999]
2726 2338 2338 13:[2000, 2999]
2730 1675 1675 11:[2000, 2999]
2854 2049 2049 8:[3000, 3999]
2960 2920 2920 13:[3000, 3999]
2962 2845 2845 13:[3000, 3999]
2978 2865 2865 11:[3000, 3999]
3035 2928 2928 13:[3000, 3999]
3122 3021 3021 27:[3000, 3999]
3199 3172 3172 11:[3000, 3999]
3226 2865 2865 11:[3000, 4999]
3278 3250 3250 10:[3000, 3999]
3311 3081 3081 31:[3000, 3999]
3335 3301 3301 12:[3000, 3999]
3355 3250 3250 10:[3000, 3999]
3468 3355 3355 11:[3000, 3999]
3495 3457 3457 22:[3000, 3999]
3492 3278 3278 11:[3000, 3999]
3528 3496 3496 16:[3000, 3999]
3530 3499 3499 16:[3000, 3999]
3543 3429 3429 15:[3000, 3999]
3551 3304 3304 48:[3000, 3999]
3573 3253 3253 9:[3000, 3999]
3580 3462 3462 15:[3000, 3999]
3579 3010 3010 35:[3000, 3999]
3648 2737 2737 15:[3000, 3999]
3681 3652 3652 19:[3000, 3999]
3691 2680 2680 29:[3000, 3999]
3739 3633 3633 17:[3000, 4999]
3746 2933 2933 18:[3000, 3999]
3750 3146 3146 18:[3000, 3999]
3760 3739 3739 18:[3000, 3999]
3776 3747 3747 40:[3000, 3999]
3806 3492 3492 12:[3000, 4999]
3820 3347 3347 9:[3000, 3999]
3832 2680 2680 29:[3000, 3999]
3839 3731 3731 23:[3000, 3999]
3837 3430 3430 28:[3000, 3999]
3892 3768 3768 22:[3000, 4999]
3894 3856 3856 22:[3000, 3999]
3896 3573 3573 10:[3000, 3999]
3913 3892 3892 23:[3000, 3999]
3919 3896 3896 11:[3000, 3999]
3918 3597 3597 11:[3000, 3999]
3925 3902 3902 32:[3000, 3999]
3940 3832 3832 30:[3000, 3999]
3949 3925 3925 33:[3000, 3999]
3948 3074 3074 10:[3000, 3999]
3964 3849 3849 46:[3000, 3999]
3968 3940 3940 31:[3000, 3999]
3966 3851 3851 43:[3000, 3999]
3970 3942 3942 30:[3000, 3999]
3975 3881 3881 16:[3000, 3999]
3979 3948 3948 11:[3000, 3999]
3999 3975 3975 17:[3000, 3999]
4001 3971 3971 49:[3000, 4999]
4002 3754 3754 31:[3000, 3999]
4005 3715 3821 45:[3000, 3999]
4011 3906 3906 42:[3000, 3999]
4017 3991 3991 11:[3000, 4999]
4033 3940 3940 31:[3000, 3999]
4038 4018 4018 39:[3000, 3999]
4053 3961 3961 18:[3000, 3999]
4056 3363 3363 50:[3000, 3999]
4055 3258 3258 27:[3000, 3999]
4069 3975 3975 17:[3000, 3999]
4070 3217 3217 9:[3000, 3999]
4077 3303 3303 13:[3000, 3999]
4084 3304 3304 48:[3000, 3999]
4087 4057 4057 49:[3000, 3999]
4094 4071 4071 17:[3000, 3999]
4096 4081 4081 20:[3000, 3999]
4097 3038 3038 29:[3000, 3999]
4112 4095 4095 38:[3000, 3999]
4111 3348 3348 41:[3000, 3999]
4113 1522 1522 14:[3000, 4999]
4117 3894 3894 23:[3000, 3999]
4119 3074 3074 10:[3000, 3999]
4121 3781 3507 17:[3000, 3999]
4130 4106 4106 32:[3000, 3999]
4133 4110 4110 22:[3000, 3999]
4143 4120 4120 9:[3000, 3999]
4145 4122 4122 20:[3000, 3999]
4156 4056 4056 51:[3000, 3999]
4157 3492 3492 12:[3000, 3999]
4161 4138 4138 47:[3000, 3999]
4165 3887 3887 19:[3000, 3999]
4168 4150 4150 20:[3000, 3999]
4172 4152 4152 50:[3000, 3999]
4177 3517 3517 21:[3000, 3999]
4191 4001 4001 50:[3000, 3999]
4193 3973 3973 19:[3000, 3999]
4192 3528 3528 17:[3000, 3999]
4200 4176 4176 15:[3000, 3999]
4199 4180 4180 14:[3000, 3999]
4201 4121 4121 18:[3000, 3999]
4204 3951 3951 25:[3000, 3999]
4203 2862 2862 11:[3000, 3999]
4212 4192 4192 18:[3000, 3999]
4213 3975 3975 17:[3000, 3999]
4216 4144 4144 17:[3000, 3999]
4217 4200 4200 16:[3000, 3999]
4234 4212 4212 19:[3000, 3999]
4240 1811 4164 43:[3000, 3999]
4242 3492 3492 12:[3000, 3999]
4247 4220 4220 26:[3000, 3999]
4254 4109 4109 33:[3000, 3999]
4257 3870 3870 41:[3000, 3999]
4262 2049 2049 8:[3000, 3999]
4265 4239 4239 30:[3000, 3999]
4271 4242 4242 13:[3000, 3999]
4269 4061 4061 18:[3000, 3999]
4273 4244 4244 21:[3000, 3999]
4275 4007 4007 19:[3000, 3999]
4284 4245 4245 49:[3000, 3999]
4285 4192 4192 18:[3000, 3999]
4289 4252 4252 50:[3000, 3999]
4291 4198 4198 20:[3000, 3999]
4295 4200 4200 16:[3000, 3999]
4296 4201 4201 19:[3000, 3999]
4297 2962 2962 14:[3000, 4999]
4302 4271 4271 14:[3000, 3999]
4309 4285 4285 19:[3000, 3999]
4310 3948 3948 11:[3000, 3999]
4313 4206 4206 44:[3000, 3999]
4325 4308 4308 23:[3000, 3999]
4327 4309 4309 20:[3000, 3999]
4328 4105 4105 23:[3000, 3999]
4330 2220 2220 15:[3000, 3999]
4332 4312 4312 27:[3000, 3999]
4334 4092 4092 21:[3000, 3999]
4344 4319 4319 27:[3000, 3999]
4343 4246 4246 27:[3000, 3999]
4342 4247 4247 27:[3000, 3999]
4350 4322 4322 36:[3000, 3999]
4349 3750 3750 19:[3000, 3999]
4351 3528 3528 17:[3000, 3999]
4357 4327 4327 21:[3000, 3999]
4356 4259 4259 20:[3000, 3999]
4355 4250 4250 50:[3000, 3999]
4364 4332 4332 28:[3000, 3999]
4363 4252 4252 50:[3000, 3999]
4362 4096 4096 21:[3000, 3999]
4366 2862 2862 11:[3000, 3999]
4371 4336 4336 46:[3000, 3999]
4369 3579 3579 36:[3000, 3999]
4373 4340 4340 10:[3000, 3999]
4375 4343 4343 28:[3000, 3999]
4374 4338 4338 49:[3000, 3999]
4379 4349 4349 20:[3000, 3999]
4378 4350 4350 37:[3000, 3999]
4384 4351 4351 18:[3000, 3999]
4382 4353 4353 25:[3000, 3999]
4380 2049 2049 8:[3000, 3999]
4391 4357 4357 22:[3000, 3999]
4388 4291 4291 21:[3000, 3999]
4387 4277 4277 52:[3000, 3999]
4386 3798 3798 23:[3000, 3999]
4385 1706 1706 12:[3000, 3999]
4393 4038 4038 40:[3000, 3999]
4396 4360 4360 26:[3000, 3999]
4395 4213 4213 18:[3000, 3999]
4394 4163 4163 26:[3000, 3999]
4401 4362 4362 22:[3000, 3999]
4399 4300 4300 18:[3000, 3999]
4397 3940 3940 31:[3000, 3999]
4403 4365 4365 19:[3000, 4999]
4402 4326 4326 22:[3000, 3999]
4405 4216 4216 18:[3000, 3999]
4414 4373 4373 11:[3000, 3999]
4413 4367 4367 52:[3000, 3999]
4412 4368 4368 50:[3000, 3999]
4410 3832 3832 30:[3000, 3999]
4417 1444 1444 10:[3000, 4999]
4419 4379 4379 21:[3000, 3999]
4422 4380 4380 9:[3000, 3999]
4421 4381 4381 21:[3000, 3999]
4420 4384 4384 19:[3000, 3999]
4423 4388 4388 22:[3000, 3999]
4425 4289 4407 52:[3000, 3999]
4426 3035 3035 14:[3000, 3999]
4429 4396 4396 27:[3000, 3999]
4432 4401 4401 23:[3000, 3999]
4431 4119 4119 11:[3000, 3999]
4437 4145 4145 21:[3000, 3999]
4436 1522 1522 14:[3000, 3999]
4439 4406 4406 52:[3000, 3999]
4438 3691 3691 30:[3000, 3999]
4443 4412 4412 51:[3000, 3999]
4442 4327 4327 21:[3000, 4999]
4446 4417 4417 11:[3000, 3999]
4444 4234 4234 20:[3000, 3999]
4448 4416 4416 55:[3000, 3999]
4450 3551 3551 49:[3000, 3999]
4455 4426 4426 15:[3000, 3999]
4460 4004 4004 44:[3000, 3999]
4461 4341 4341 27:[3000, 3999]
4465 4349 4349 20:[3000, 3999]
4464 4350 4350 37:[3000, 3999]
4466 4180 4180 14:[3000, 4999]
4471 4345 4345 56:[3000, 3999]
4470 4244 4244 21:[3000, 3999]
4469 4168 4168 21:[3000, 3999]
4472 4446 4446 12:[3000, 3999]
4475 4443 4443 52:[3000, 3999]
4474 4353 4353 25:[3000, 3999]
4476 4445 4445 49:[3000, 3999]
4481 4458 4458 29:[3000, 3999]
4483 4284 4284 50:[3000, 3999]
4482 3839 3839 24:[3000, 3999]
4484 4457 4457 54:[3000, 3999]
4487 4459 4459 55:[3000, 3999]
4486 4456 4456 46:[3000, 3999]
4485 4124 4124 46:[3000, 3999]
4491 4460 4460 45:[3000, 3999]
4490 4367 4367 52:[3000, 3999]
4489 4363 4363 51:[3000, 3999]
4493 4408 4371 47:[3000, 3999]
4492 4285 4285 19:[3000, 3999]
4497 4465 4465 21:[3000, 3999]
4496 4379 4379 21:[3000, 3999]
4495 4373 4373 11:[3000, 4999]
4494 2962 2962 14:[3000, 3999]
4499 4087 4087 50:[3000, 3999]
4500 4437 4437 22:[3000, 3999]
4505 4473 4473 34:[3000, 3999]
4504 4474 4474 26:[3000, 3999]
4503 4471 4471 57:[3000, 3999]
4502 4393 4393 41:[3000, 3999]
4508 4475 4475 53:[3000, 3999]
4509 4403 4403 20:[3000, 3999]
4510 3750 3750 19:[3000, 3999]
4511 4309 4309 20:[3000, 3999]
4512 4387 4387 53:[3000, 3999]
4513 3579 3579 36:[3000, 3999]
4520 4492 4492 20:[3000, 3999]
4519 4485 4485 47:[3000, 3999]
4518 4417 4417 11:[3000, 3999]
4517 3035 3035 14:[3000, 3999]
4524 4494 4494 15:[3000, 3999]
4526 4493 4493 48:[3000, 3999]
4525 4056 4056 51:[3000, 3999]
4527 4423 4423 23:[3000, 3999]
4534 4502 4502 42:[3000, 3999]
4533 4504 4504 27:[3000, 3999]
4532 4505 4505 35:[3000, 3999]
4531 4499 4499 51:[3000, 3999]
4530 4412 4412 51:[3000, 3999]
4529 4335 4335 20:[3000, 3999]
4528 4161 4161 48:[3000, 3999]
4538 4506 4506 22:[3000, 3999]
4537 4422 4422 10:[3000, 3999]
4536 4265 4265 31:[3000, 3999]
4535 4117 4117 24:[3000, 3999]
4539 4503 4503 58:[3000, 3999]
4541 3573 3573 10:[3000, 3999]
4540 3355 3355 11:[3000, 4999]
4545 4508 4508 54:[3000, 3999]
4544 4429 4429 28:[3000, 3999]
4543 4415 4415 48:[3000, 3999]
4546 4511 4511 21:[3000, 3999]
4547 4425 4425 53:[3000, 3999]
4548 4512 4512 54:[3000, 3999]
4549 4350 4350 37:[3000, 3999]
4551 4517 4517 15:[3000, 3999]
4550 4518 4518 12:[3000, 3999]
4555 4521 4521 28:[3000, 3999]
4553 4332 4332 28:[3000, 3999]
4552 4273 4273 22:[3000, 3999]
4556 4096 4096 21:[3000, 3999]
4558 4334 4334 22:[3000, 3999]
4557 3199 3199 12:[3000, 3999]
4560 4526 4526 49:[3000, 3999]
4559 4200 4200 16:[3000, 3999]
4564 4533 4533 28:[3000, 3999]
4563 4534 4534 43:[3000, 3999]
4562 4033 4033 32:[3000, 3999]
4561 3551 3551 49:[3000, 3999]
4566 4535 4535 25:[3000, 3999]
4565 4168 4168 21:[3000, 3999]
4569 4530 4530 52:[3000, 3999]
4568 4247 4247 27:[3000, 3999]
4567 4111 4111 42:[3000, 3999]
4571 4351 4351 18:[3000, 3999]
4570 3528 3528 17:[3000, 3999]
4572 4364 4364 29:[3000, 3999]
4575 4168 4556 22:[3000, 3999]
4574 4460 4460 45:[3000, 3999]
4573 4296 4296 20:[3000, 3999]
4629 3035 3035 14:[4000, 4999]
4640 4414 4414 12:[4000, 4999]
4638 3355 3355 11:[4000, 4999]
4755 2309 2309 11:[4000, 4999]
4815 4795 4795 21:[4000, 4999]
4814 4712 4712 21:[4000, 4999]
4860 4642 4642 19:[4000, 4999]
4859 4638 4638 12:[4000, 4999]
4863 3821 4216 18:[4000, 4999]
4918 4896 4896 51:[4000, 4999]
4920 4899 4899 22:[4000, 4999]
4948 4924 4924 12:[4000, 4999]
4968 3940 3940 31:[4000, 4999]
4975 4948 4948 13:[4000, 4999]
5016 4924 4924 12:[4000, 4999]
5020 4996 4996 22:[4000, 4999]
5037 5009 5009 24:[4000, 4999]
5073 4968 4968 32:[4000, 4999]
5109 5074 5074 20:[4000, 4999]
5146 3806 3806 13:[4000, 4999]
5210 3760 3760 19:[4000, 4999]
5220 4070 4070 10:[4000, 4999]
5257 5044 5044 14:[4000, 4999]
5270 4627 4627 32:[4000, 4999]
5291 4638 4638 12:[4000, 4999]
5299 5074 5074 20:[4000, 4999]
5313 4262 4262 9:[4000, 4999]
5317 5288 5288 15:[4000, 5999]
5324 5211 5211 24:[4000, 4999]
5353 5332 5332 10:[4000, 4999]
5351 2220 2220 15:[4000, 4999]
5396 5108 5108 24:[4000, 4999]
5416 5298 5298 9:[4000, 5999]
5468 5006 5006 21:[4000, 4999]
5470 5348 5348 26:[4000, 4999]
5473 5351 5351 16:[4000, 4999]
5500 4975 4975 14:[4000, 4999]
5504 5156 5156 23:[4000, 4999]
5509 5472 5472 15:[4000, 4999]
5522 5393 5393 29:[4000, 5999]
5526 5170 5170 13:[4000, 4999]
5615 5575 5575 35:[4000, 4999]
5626 5288 5288 15:[4000, 4999]
5636 5392 5392 32:[4000, 4999]
5639 5509 5509 16:[4000, 4999]
5644 5522 5522 30:[4000, 4999]
5661 5625 5625 23:[4000, 4999]
5664 5399 5399 12:[4000, 4999]
5671 5585 5585 25:[4000, 4999]
5681 5547 5547 34:[4000, 4999]
5683 4920 4920 23:[4000, 4999]
5710 5192 5192 26:[4000, 4999]
5716 4975 4975 14:[4000, 4999]
5721 5334 5334 25:[4000, 4999]
5729 3949 3949 34:[4000, 4999]
5747 5612 5612 25:[4000, 4999]
5751 5396 5396 25:[4000, 4999]
5755 5146 5146 14:[4000, 4999]
5760 4119 4119 11:[4000, 4999]
5775 5399 5399 12:[4000, 4999]
5804 5697 5697 31:[4000, 4999]
5803 4896 4896 51:[4000, 4999]
5815 5786 5786 59:[4000, 5999]
5819 3949 3949 34:[4000, 4999]
5823 4924 4924 12:[4000, 4999]
5830 5545 5743 22:[4000, 4999]
5833 5809 5809 25:[4000, 4999]
5831 5211 5211 24:[4000, 4999]
5836 5370 5370 15:[4000, 4999]
5840 5818 5818 15:[4000, 4999]
5839 5744 5744 38:[4000, 4999]
5845 5821 5821 26:[4000, 4999]
5857 5509 5509 16:[4000, 4999]
5868 5831 5831 25:[4000, 4999]
5878 5838 5838 64:[4000, 4999]
5884 5708 5847 36:[4000, 4999]
5894 5859 5859 14:[4000, 4999]
5900 5790 5790 37:[4000, 4999]
5908 5786 5786 59:[4000, 4999]
5913 5875 5875 52:[4000, 4999]
5919 5150 5897 35:[4000, 4999]
5921 5788 5788 64:[4000, 4999]
5928 5262 5262 62:[4000, 4999]
5931 5807 5807 35:[4000, 4999]
5946 5915 5915 46:[4000, 4999]
5947 5472 5472 15:[4000, 4999]
5949 5220 5220 11:[4000, 4999]
5957 5543 5019 20:[4000, 4999]
5961 5425 5425 42:[4000, 4999]
5960 2356 2356 9:[4000, 4999]
5965 5396 5396 25:[4000, 4999]
5968 5942 5942 14:[4000, 4999]
5971 5944 5944 15:[4000, 4999]
5976 4640 4640 13:[4000, 4999]
5980 5948 5948 37:[4000, 4999]
5983 5639 5639 17:[4000, 4999]
5982 5627 5627 36:[4000, 4999]
5989 4957 4957 17:[4000, 4999]
5990 5959 5959 28:[4000, 4999]
5992 5879 5879 36:[4000, 4999]
6000 5877 5877 34:[4000, 4999]
6003 5762 5762 21:[4000, 4999]
6012 4918 4918 52:[4000, 4999]
6019 5875 5875 52:[4000, 4999]
6025 5989 5989 18:[4000, 4999]
6028 5988 5988 67:[4000, 4999]
6027 5906 5906 33:[4000, 4999]
6030 4271 4271 14:[4000, 4999]
6036 5993 5993 34:[4000, 4999]
6047 5718 5718 35:[4000, 4999]
6057 5432 5432 24:[4000, 4999]
6069 6030 6030 15:[4000, 4999]
6074 6037 6037 21:[4000, 4999]
6076 5549 5549 21:[4000, 4999]
6081 5575 6063 31:[4000, 4999]
6087 5840 5840 16:[4000, 4999]
6098 6065 6065 15:[4000, 4999]
6101 6070 6070 23:[4000, 4999]
6102 6073 6073 64:[4000, 4999]
6107 5976 5976 14:[4000, 4999]
6108 4920 4920 23:[4000, 5999]
6112 6080 6080 14:[4000, 4999]
6114 6082 6082 29:[4000, 4999]
6113 5990 5990 29:[4000, 4999]
6118 6088 6088 26:[4000, 4999]
6119 6089 6089 27:[4000, 4999]
6123 5871 5871 64:[4000, 4999]
6129 5876 5876 24:[4000, 4999]
6133 5416 5416 10:[4000, 4999]
6137 6004 6004 66:[4000, 4999]
6143 6027 6027 34:[4000, 4999]
6146 6115 6115 14:[4000, 4999]
6147 5526 5526 14:[4000, 4999]
6151 6010 6010 64:[4000, 4999]
6153 5616 5616 19:[4000, 4999]
6160 6129 6129 25:[4000, 4999]
6163 6054 6054 28:[4000, 4999]
6166 6138 6138 25:[4000, 4999]
6165 6057 6057 25:[4000, 4999]
6172 5348 5348 26:[4000, 4999]
6177 6148 6148 28:[4000, 4999]
6176 6149 6149 17:[4000, 4999]
6179 5373 5373 13:[4000, 4999]
6183 6153 6153 20:[4000, 4999]
6181 5986 5986 38:[4000, 4999]
6186 5974 5974 48:[4000, 4999]
6184 5509 5509 16:[4000, 4999]
6192 5928 5928 63:[4000, 4999]
6197 6066 6066 66:[4000, 4999]
6201 6088 6088 26:[4000, 4999]
6207 6090 6090 33:[4000, 4999]
6206 5926 5926 36:[4000, 4999]
6214 6180 6180 24:[4000, 4999]
6213 6173 6173 66:[4000, 4999]
6212 6101 6101 24:[4000, 4999]
6220 6189 6189 17:[4000, 4999]
6221 6105 6105 27:[4000, 4999]
6225 6195 6195 19:[4000, 4999]
6229 6201 6201 27:[4000, 4999]
6228 6118 6118 27:[4000, 4999]
6227 5989 5989 18:[4000, 4999]
6226 5690 5690 11:[4000, 4999]
6235 5726 6217 50:[4000, 4999]
6233 6198 6198 54:[4000, 4999]
6232 6117 6117 16:[4000, 5999]
6237 6203 6203 65:[4000, 4999]
6240 6214 6214 25:[4000, 4999]
6239 5760 5760 12:[4000, 4999]
6242 6123 6123 65:[4000, 4999]
6244 5877 5877 34:[4000, 4999]
6248 6221 6221 28:[4000, 4999]
6246 5999 5999 27:[4000, 4999]
6257 6153 6153 20:[4000, 4999]
6256 6137 6137 67:[4000, 4999]
6258 5868 5868 26:[4000, 4999]
6260 3832 3832 30:[4000, 4999]
6265 6241 6241 26:[4000, 4999]
6264 6145 6145 55:[4000, 4999]
6263 5671 5671 26:[4000, 4999]
6266 6155 6155 38:[4000, 4999]
6269 6243 6243 15:[4000, 4999]
6268 6044 6044 36:[4000, 4999]
6267 5396 5396 25:[4000, 4999]
6273 6057 6057 25:[4000, 4999]
6275 5509 5509 16:[4000, 4999]
6285 6257 6257 21:[4000, 4999]
6283 3760 3760 19:[4000, 4999]
6289 6256 6256 68:[4000, 4999]
6291 6265 6265 27:[4000, 4999]
6293 6262 6262 59:[4000, 4999]
6296 6019 6019 53:[4000, 4999]
6298 5330 5330 22:[4000, 4999]
6300 5904 5904 62:[4000, 4999]
6306 6085 6291 28:[4000, 4999]
6305 6276 6276 69:[4000, 4999]
6304 6200 6200 67:[4000, 4999]
6313 6281 6281 26:[4000, 4999]
6312 6282 6282 25:[4000, 4999]
6308 6024 6024 65:[4000, 4999]
6316 5942 6295 17:[4000, 4999]
6314 6205 6205 68:[4000, 4999]
6319 6288 6288 40:[4000, 4999]
6318 6217 6217 50:[4000, 4999]
6317 5859 5859 14:[4000, 4999]
6324 6209 6209 69:[4000, 4999]
6325 6297 6297 16:[4000, 4999]
6326 6098 6098 16:[4000, 4999]
6328 6298 6298 23:[4000, 4999]
6327 4200 4200 16:[4000, 4999]
6332 5953 5953 66:[4000, 4999]
6333 6236 6236 38:[4000, 4999]
6337 6241 6241 26:[4000, 4999]
6336 6021 6021 36:[4000, 4999]
6335 6014 6014 11:[4000, 4999]
6347 6319 6319 41:[4000, 4999]
6350 6321 6321 27:[4000, 4999]
6352 6250 6250 17:[4000, 4999]
6358 6326 6326 17:[4000, 4999]
6359 6328 6328 24:[4000, 4999]
6364 6076 6076 22:[4000, 4999]
6362 5961 5961 43:[4000, 4999]
6361 4920 4920 23:[4000, 5999]
6366 5971 5971 16:[4000, 4999]
6371 6336 6336 37:[4000, 4999]
6374 6347 6347 42:[4000, 4999]
6373 6338 6338 67:[4000, 4999]
6375 6256 6256 68:[4000, 4999]
6382 6350 6350 28:[4000, 4999]
6380 6346 6346 67:[4000, 4999]
6379 6266 6266 39:[4000, 4999]
6378 6252 6252 65:[4000, 4999]
6376 5504 5504 24:[4000, 4999]
6385 6352 6352 18:[4000, 4999]
6388 6355 6355 28:[4000, 4999]
6391 6271 6271 15:[4000, 4999]
6390 6165 6165 26:[4000, 4999]
6392 6113 6113 30:[4000, 4999]
6394 6359 6359 25:[4000, 4999]
6396 6357 6357 59:[4000, 4999]
6395 5946 5946 47:[4000, 4999]
6399 6362 6362 44:[4000, 4999]
6398 6282 6282 25:[4000, 4999]
6397 6185 5921 65:[4000, 4999]
6402 6233 6295 17:[4000, 4999]
6401 6283 6283 20:[4000, 4999]
6409 6365 6365 65:[4000, 4999]
6407 6054 6054 28:[4000, 4999]
6406 5990 5990 29:[4000, 4999]
6405 5671 5671 26:[4000, 4999]
6404 5470 5470 27:[4000, 4999]
6412 5745 6376 25:[4000, 4999]
6411 6367 6367 32:[4000, 4999]
6418 6372 6372 66:[4000, 4999]
6417 6225 6212 25:[4000, 4999]
6416 6161 6161 64:[4000, 4999]
6415 6101 6101 24:[4000, 4999]
6420 6383 6383 17:[4000, 4999]
6419 6276 6276 69:[4000, 4999]
6423 6384 6384 34:[4000, 4999]
6425 6377 6377 65:[4000, 4999]
6424 6378 6378 66:[4000, 4999]
6427 6389 6389 37:[4000, 4999]
6426 6391 6391 16:[4000, 4999]
6429 6392 6392 31:[4000, 4999]
6428 5985 6318 51:[4000, 4999]
6433 6395 6395 48:[4000, 4999]
6432 5833 5833 26:[4000, 4999]
6434 6313 6313 27:[4000, 4999]
6439 6401 6401 21:[4000, 4999]
6437 6396 6396 60:[4000, 4999]
6436 5661 5661 24:[4000, 4999]
6441 6404 6404 28:[4000, 4999]
6440 6406 6406 30:[4000, 4999]
6444 6304 6304 68:[4000, 4999]
6442 2049 2049 8:[4000, 4999]
6447 6321 6321 27:[4000, 4999]
6446 6308 6308 66:[4000, 4999]
6451 6293 6293 60:[4000, 4999]
6453 6420 6420 18:[4000, 4999]
6458 6423 6423 35:[4000, 4999]
6457 6418 6418 67:[4000, 4999]
6456 6327 6327 17:[4000]
6455 6328 6328 24:[4000, 4999]
6454 5989 5989 18:[4000, 4999]
6461 6427 6427 38:[4000, 4999]
6463 6429 6429 32:[4000, 4999]
6462 6425 6425 66:[4000, 4999]
6467 3821 6443 65:[4000, 4999]
6466 6405 6405 27:[4000, 4999]
6465 6324 6324 70:[4000, 4999]
6470 6434 6434 28:[4000, 4999]
6475 6441 6441 29:[4000, 4999]
6474 6133 6133 11:[4000]
6473 5894 5961 43:[4000, 4999]
6478 6445 6445 27:[4000, 4999]
6477 6437 6437 61:[4000, 4999]
6480 6447 6447 28:[4000, 4999]
6481 6146 6460 18:[4000, 4999]
6483 6179 6179 14:[4000, 4999]
6482 5913 5913 53:[4000, 4999]
6486 6259 6259 39:[4000, 4999]
6485 6074 6074 22:[4000, 4999]
6489 6456 6456 18:[4000, 4999]
6488 6458 6458 36:[4000, 4999]
6487 6114 6114 30:[4000, 4999]
6492 6461 6461 39:[4000, 4999]
6491 6457 6457 68:[4000, 4999]
6496 6463 6463 33:[4000, 4999]
6495 6451 6451 61:[4000, 4999]
6494 6264 6264 56:[4000, 4999]
6493 6025 6025 19:[4000, 4999]
6500 6462 6462 67:[4000, 4999]
6499 5831 5831 25:[4000, 4999]
6498 5626 5626 16:[4000, 4999]
6503 6470 6470 29:[4000, 4999]
6502 5894 5894 15:[4000, 4999]
6504 6472 6472 26:[4000, 4999]
6506 6473 6473 44:[4000, 4999]
6505 6476 6476 32:[4000, 4999]
6507 4495 4495 12:[4000, 4999]
6512 6110 6387 57:[4000, 4999]
6510 6357 6357 59:[4000, 4999]
6508 5504 5504 24:[4000, 4999]
6513 5946 5946 47:[4000, 4999]
6516 6380 6380 68:[4000, 4999]
6515 5470 5470 27:[4000, 4999]
6520 6487 6487 31:[4000, 4999]
6519 6394 6394 26:[4000, 4999]
6518 5965 5965 26:[4000, 4999]
6522 6395 6395 48:[4000, 4999]
6521 4629 4629 15:[4000, 5999]
6523 6492 6492 40:[4000, 4999]
6526 6493 6493 20:[4000, 4999]
6525 6496 6496 34:[4000, 4999]
6524 6401 6401 21:[4000, 4999]
6531 6491 6491 69:[4000, 4999]
6529 6406 6406 30:[4000, 4999]
6527 6028 6028 68:[4000, 4999]
6532 5833 5833 26:[4000, 4999]
6535 6501 6501 15:[4000, 4999]
6534 6378 6378 66:[4000, 4999]
6533 6260 6260 31:[4000, 4999]
6538 6495 6495 62:[4000, 4999]
6537 6420 6420 18:[4000, 4999]
6536 6237 6237 66:[4000, 4999]
6540 6415 6415 25:[4000, 4999]
6544 6343 6522 49:[4000, 4999]
6543 6423 6423 35:[4000, 5999]
6542 6301 6301 19:[4000, 4999]
6548 6298 6298 23:[4000, 4999]
6547 6233 6233 55:[4000, 4999]
6545 5615 5615 36:[4000, 4999]
6550 6515 6515 28:[4000, 4999]
6552 6518 6518 27:[4000, 4999]
6551 6520 6520 32:[4000, 4999]
6555 6516 6516 69:[4000, 4999]
6554 6432 6432 27:[4000, 4999]
6553 6304 6304 68:[4000, 4999]
6557 6434 6434 28:[4000, 4999]
6556 6300 6300 63:[4000, 4999]
6563 6524 6524 22:[4000, 4999]
6562 6526 6526 21:[4000, 4999]
6561 6427 6427 38:[4000, 4999]
6560 6163 6163 29:[4000, 4999]
6559 6153 6153 20:[4000, 4999]
6568 6529 6529 31:[4000, 4999]
6567 6440 6440 31:[4000, 4999]
6566 6441 6441 29:[4000, 4999]
6565 6164 6164 64:[4000, 4999]
6564 6012 6012 53:[4000, 4999]
6570 6532 6532 27:[4000, 4999]
6569 6416 6416 65:[4000, 4999]
6574 6527 6527 69:[4000, 4999]
6573 6428 6428 52:[4000, 4999]
6572 6419 6419 70:[4000, 4999]
6571 6266 6266 39:[4000, 4999]
6577 6317 6317 15:[4000, 4999]
6576 6129 6129 25:[4000, 4999]
6575 6123 6123 65:[4000, 4999]
6579 6534 6534 67:[4000, 4999]
6578 6425 6425 66:[4000, 4999]
6581 6098 6098 16:[4000, 5999]
6580 5989 5989 18:[4000, 4999]
6585 6455 6455 25:[4000, 4999]
6584 6456 6456 18:[4000, 4999]
6583 6457 6457 68:[4000, 4999]
6582 5928 5928 63:[4000, 4999]
6589 6545 6545 37:[4000, 5999]
6588 6548 6548 24:[4000, 4999]
6587 6328 6328 24:[4000, 4999]
6586 5990 5990 29:[4000, 4999]
6594 5936 6561 39:[4000, 4999]
6593 6327 6327 17:[4000, 4999]
6592 6326 6326 17:[4000, 4999]
6591 6146 6146 15:[4000, 4999]
6590 5921 5921 65:[4000, 4999]
6597 6463 6463 33:[4000, 4999]
6595 6227 6227 19:[4000, 4999]
6600 6552 6552 28:[4000, 4999]
6599 6296 6296 54:[4000, 4999]
6598 6242 6242 66:[4000, 4999]
6602 5520 6571 40:[4000, 4999]
6601 6308 6308 66:[4000, 4999]
6604 6470 6470 29:[4000, 4999]
6603 6352 6352 18:[4000, 4999]
6623 6589 6589 38:[5000, 5999]
6661 4495 4495 12:[5000, 5999]
6765 6385 6385 19:[5000]
6937 6900 6900 34:[5000, 5999]
7103 3739 3739 18:[5000, 5999]
7162 6442 6442 9:[5000, 5999]
7210 7168 7168 14:[5000, 5999]
7217 7174 7174 21:[5000, 5999]
7232 6332 6332 67:[5000]
7290 7090 7090 66:[5000, 5999]
7425 7377 7377 39:[5000, 5999]
7480 6076 6076 22:[5000, 5999]
7484 7440 7440 43:[5000, 5999]
7488 6665 6665 66:[5000, 5999]
7492 7141 7141 69:[5000, 5999]
7519 7477 7477 35:[5000, 5999]
7536 6069 6069 16:[5000, 5999]
7547 7500 7500 35:[5000, 5999]
7570 6870 7537 76:[5000, 5999]
7639 7594 7594 16:[5000, 5999]
7657 7611 7611 59:[5000, 5999]
7683 5716 5716 15:[5000, 5999]
7735 7584 7584 31:[5000, 5999]
7749 7705 7705 16:[5000, 5999]
7777 5729 5729 35:[5000, 5999]
7776 4640 4640 13:[5000, 5999]
7789 6483 6483 15:[5000, 5999]
7810 7076 7076 25:[5000, 5999]
7844 7796 7796 36:[5000, 5999]
7863 7817 7817 15:[5000, 5999]
7909 7654 7654 30:[5000]
7918 4640 4640 13:[5000, 5999]
7946 7900 7900 18:[5000, 5999]
7979 7806 7806 16:[5000]
7999 7953 7953 45:[5000, 5999]
8004 7663 7663 55:[5000, 5999]
8011 7966 7966 31:[5000, 5999]
8014 7828 7828 37:[5000, 5999]
8021 7180 6587 25:[5000, 5999]
8058 7840 7840 71:[5000, 5999]
8074 6913 7764 32:[5000, 5999]
8108 7766 7766 30:[5000, 5999]
8113 6589 6589 38:[5000, 5999]
8139 8103 8103 20:[5000, 5999]
8140 7951 7951 62:[5000, 5999]
8147 7929 7929 69:[5000]
8150 8011 8011 32:[5000, 5999]
8155 8121 8121 29:[5000, 5999]
8178 7750 7750 44:[5000, 5999]
8206 8163 8163 17:[5000, 5999]
8204 7914 7914 36:[5000, 5999]
8210 3739 3739 18:[5000, 5999]
8227 7794 7794 31:[5000, 5999]
8294 4859 4859 13:[5000, 5999]
8306 6483 6483 15:[5000, 5999]
8314 8263 8263 73:[5000, 5999]
8318 8053 8053 82:[5000, 5999]
8317 6474 6474 12:[5000, 5999]
8340 8286 8286 73:[5000, 5999]
8338 7324 7324 15:[5000, 5999]
8350 8198 8198 38:[5000, 5999]
8349 7492 7492 70:[5000, 5999]
8354 8308 8308 26:[5000, 5999]
8366 8208 8208 28:[5000, 5999]
8363 7906 7906 11:[5000, 5999]
8371 8325 8325 39:[5000, 5999]
8369 7232 7232 68:[5000]
8377 8210 8210 19:[5000, 5999]
8380 7159 8348 40:[5000, 5999]
8379 8212 8212 28:[5000, 5999]
8387 8343 8343 34:[5000, 5999]
8393 8335 8335 72:[5000, 5999]
8397 8350 8350 39:[5000, 5999]
8395 8239 8239 39:[5000, 5999]
8399 8232 8232 41:[5000, 5999]
8398 7580 7580 42:[5000, 5999]
8412 8370 8370 48:[5000, 5999]
8432 8284 8284 40:[5000, 5999]
8435 8401 8401 33:[5000, 5999]
8446 7281 7281 34:[5000, 5999]
8459 8427 8427 36:[5000, 5999]
8467 8205 8338 16:[5000, 5999]
8475 8435 8435 34:[5000, 5999]
8474 8324 8324 34:[5000, 5999]
8473 7979 7979 17:[5000, 5999]
8480 8426 8426 74:[5000, 5999]
8476 6265 6265 27:[5000, 5999]
8487 8358 8358 28:[5000, 5999]
8492 8217 8217 36:[5000, 5999]
8494 8446 8446 35:[5000, 5999]
8497 6713 8465 19:[5000, 5999]
8498 7838 7838 14:[5000, 5999]
8503 7480 7480 23:[5000, 5999]
8507 7662 7662 36:[5000, 5999]
8515 8463 8463 28:[5000, 5999]
8512 7546 7546 25:[5000, 5999]
8529 8483 8483 48:[5000]
8574 7789 7789 16:[5000, 5999]
8583 8439 8439 37:[5000, 5999]
8582 7536 7536 17:[5000, 5999]
8584 7522 7522 24:[5000, 5999]
8587 5804 5804 32:[5000, 5999]
8591 8562 8562 34:[5000, 5999]
8594 8305 8305 76:[5000, 5999]
8595 7635 7635 27:[5000, 5999]
8605 8571 8571 29:[5000, 5999]
8612 8582 8582 18:[5000, 5999]
8614 8584 8584 25:[5000, 5999]
8613 8581 8581 77:[5000, 5999]
8616 8296 8296 65:[5000, 5999]
8623 8161 8161 80:[5000, 5999]
8622 7480 7480 23:[5000, 5999]
8632 8592 8592 77:[5000, 5999]
8631 8594 8594 77:[5000, 5999]
8633 5664 5664 13:[5000, 5999]
8641 7079 7079 31:[5000, 5999]
8649 7727 7727 31:[5000, 5999]
8665 8615 8615 31:[5000, 5999]
8666 7492 7492 70:[5000, 5999]
8677 8629 8629 17:[5000, 5999]
8680 8424 8424 53:[5000, 5999]
8687 8401 8401 33:[5000, 5999]
8689 8649 8649 32:[5000, 5999]
8688 8371 8371 40:[5000, 5999]
8691 8640 8640 72:[5000, 5999]
8694 7612 7612 32:[5000, 5999]
8702 7810 7810 26:[5000, 5999]
8707 8661 8661 39:[5000, 5999]
8706 7780 7780 30:[5000, 5999]
8712 8555 8555 18:[5000, 5999]
8711 8384 8384 18:[5000, 5999]
8709 7381 7381 39:[5000, 5999]
8719 8658 8658 16:[5000, 5999]
8725 8674 8674 17:[5000, 5999]
8724 8383 8383 61:[5000, 5999]
8731 8675 8675 71:[5000, 5999]
8735 8669 8669 76:[5000, 5999]
8737 8139 8139 21:[5000]
8742 8690 8690 38:[5000, 5999]
8744 8699 8699 35:[5000, 5999]
8746 8695 8695 73:[5000, 5999]
8749 8707 8707 40:[5000, 5999]
8748 8466 8466 77:[5000, 5999]
8757 8715 8715 30:[5000, 5999]
8756 8721 8721 35:[5000, 5999]
8758 7191 7191 25:[5000, 5999]
8760 8716 8716 77:[5000, 5999]
8770 8636 8743 34:[5000, 5999]
8767 8446 8446 35:[5000, 5999]
8773 8309 8309 32:[5000, 5999]
8786 8621 8621 28:[5000, 5999]
8783 8239 8239 39:[5000, 5999]
8789 8612 8612 19:[5000, 5999]
8796 8455 8455 84:[5000, 5999]
8794 8080 8080 36:[5000, 5999]
8792 7700 7700 26:[5000, 5999]
8802 8756 8756 36:[5000, 5999]
8799 8631 8631 78:[5000, 5999]
8798 6474 6474 12:[5000, 5999]
8803 5270 5270 33:[5000, 5999]
8809 8649 8649 32:[5000, 5999]
8814 8768 8768 34:[5000, 5999]
8812 8770 8770 35:[5000, 5999]
8816 8771 8771 56:[5000, 5999]
8819 7717 7717 14:[5000, 5999]
8818 6265 6265 27:[5000, 5999]
8825 8776 8776 40:[5000, 5999]
8831 8688 8802 37:[5000, 5999]
8832 8671 8671 29:[5000, 5999]
8835 8780 8780 80:[5000, 5999]
8851 8684 8684 35:[5000, 5999]
8855 8811 8811 38:[5000, 5999]
8858 8813 8813 38:[5000, 5999]
8859 7735 7735 32:[5000, 5999]
8862 8699 8699 35:[5000, 5999]
8861 8666 8666 71:[5000, 5999]
8866 8821 8821 12:[5000, 5999]
8865 8702 8702 27:[5000, 5999]
8868 8574 8574 17:[5000, 5999]
8867 8524 8524 81:[5000, 5999]
8874 8827 8827 33:[5000, 5999]
8872 8709 8709 40:[5000, 5999]
8878 8833 8833 44:[5000, 5999]
8877 8815 8815 74:[5000, 5999]
8879 8492 8492 37:[5000, 5999]
8881 8572 8572 78:[5000, 5999]
8880 8473 8473 18:[5000]
8888 8847 8847 39:[5000, 5999]
8890 7949 7949 49:[5000, 5999]
8889 8488 7191 25:[5000, 5999]
8897 8846 8846 71:[5000, 5999]
8896 8553 8553 86:[5000, 5999]
8901 8856 8856 39:[5000, 5999]
8900 8742 8742 39:[5000, 5999]
8904 8859 8859 33:[5000, 5999]
8903 8850 8850 16:[5000, 5999]
8906 8582 8582 18:[5000, 5999]
8911 8866 8866 13:[5000, 5999]
8914 8383 8383 61:[5000, 5999]
8919 8872 8872 41:[5000, 5999]
8925 8745 8745 19:[5000, 5999]
8929 8401 8401 33:[5000, 5999]
8927 7844 7844 37:[5000, 5999]
8936 8510 8782 16:[5000, 5999]
8949 6844 8786 29:[5000, 5999]
8948 8769 8769 37:[5000, 5999]
8947 8761 8761 51:[5000, 5999]
8954 8706 8911 14:[5000, 5999]
8953 8380 8380 41:[5000, 5999]
8955 7829 7829 18:[5000, 5999]
8959 8900 8900 40:[5000, 5999]
8960 8904 8904 34:[5000, 5999]
8964 8891 8891 75:[5000, 5999]
8962 8615 8615 31:[5000, 5999]
8961 8531 8531 39:[5000, 5999]
8970 8917 8917 28:[5000, 5999]
8969 8918 8918 36:[5000, 5999]
8968 8910 8910 78:[5000, 5999]
8976 8803 8803 34:[5000, 5999]
8975 8799 8799 79:[5000, 5999]
8973 8680 8680 54:[5000, 5999]
8979 8931 8931 39:[5000, 5999]
8982 8561 8561 34:[5000]
8985 8937 8937 11:[5000, 5999]
8990 8939 8939 80:[5000, 5999]
8993 8945 8945 80:[5000, 5999]
8998 7579 7579 33:[5000, 5999]
9002 8960 8960 35:[5000, 5999]
9000 8827 8827 33:[5000, 5999]
9008 8966 8966 37:[5000, 5999]
9010 8664 8664 50:[5000, 5999]
9014 8971 8971 38:[5000, 5999]
9019 8973 8973 55:[5000, 5999]
9017 8963 8963 76:[5000, 5999]
9016 8435 8435 34:[5000, 5999]
9023 8978 8978 54:[5000, 5999]
9022 8979 8979 40:[5000, 5999]
9030 8981 8981 35:[5000, 5999]
9029 8982 8982 35:[5000, 5999]
9028 8984 8984 48:[5000, 5999]
9042 8815 8815 74:[5000, 5999]
9041 8725 8725 18:[5000, 5999]
9047 8998 8998 34:[5000, 5999]
9046 8475 8475 35:[5000, 5999]
9051 9002 9002 36:[5000, 5999]
9049 8867 8867 82:[5000, 5999]
9054 9004 9004 56:[5000, 5999]
9053 9006 9006 33:[5000, 5999]
9052 8666 8666 71:[5000, 5999]
9055 8178 8178 45:[5000, 5999]
9063 9010 9010 51:[5000, 5999]
9062 8806 8806 44:[5000, 5999]
9060 8296 8296 65:[5000, 5999]
9064 7858 7858 52:[5000, 5999]
9067 9016 9016 35:[5000, 5999]
9070 9023 9023 55:[5000, 5999]
9068 5416 5416 10:[5000, 5999]
9076 9025 9025 31:[5000, 5999]
9075 9026 9026 37:[5000, 5999]
9074 9030 9030 36:[5000, 5999]
9071 8394 8757 31:[5000, 5999]
9080 8625 8625 78:[5000, 5999]
9079 8354 8354 27:[5000, 5999]
9084 9034 9034 39:[5000, 5999]
9083 9036 9036 34:[5000, 5999]
9081 8904 8904 34:[5000, 5999]
9087 8395 9057 14:[5000, 5999]
9086 8796 8728 87:[5000, 5999]
9093 9046 9046 36:[5000, 5999]
9092 9047 9047 35:[5000, 5999]
9098 9044 9044 82:[5000, 5999]
9096 8931 8931 39:[5000, 5999]
9095 8291 8291 70:[5000, 5999]
9105 8946 8946 78:[5000, 5999]
9104 8917 8917 28:[5000, 5999]
9103 8735 8735 77:[5000, 5999]
9108 9050 9050 80:[5000, 5999]
9111 9043 9043 75:[5000, 5999]
9110 8631 8631 78:[5000, 5999]
9109 8074 8074 33:[5000, 5999]
9115 8758 8758 26:[5000, 5999]
9113 8317 8317 13:[5000, 5999]
9119 9065 9065 17:[5000, 5999]
9126 9070 9070 56:[5000, 5999]
9125 8706 8706 31:[5000, 5999]
9123 7217 7217 22:[5000, 5999]
9134 9071 9071 32:[5000, 5999]
9132 9076 9076 32:[5000, 5999]
9130 8954 8954 15:[5000, 5999]
9127 7871 7871 34:[5000, 5999]
9136 8803 8803 34:[5000, 5999]
9143 9081 9081 35:[5000, 5999]
9142 9083 9083 35:[5000, 5999]
9140 8960 8960 35:[5000, 5999]
9138 8953 8953 42:[5000, 5999]
9137 8760 8760 78:[5000, 5999]
9146 9087 9087 15:[5000, 5999]
9144 8962 8962 32:[5000, 5999]
9152 9092 9092 36:[5000, 5999]
9150 8633 8633 14:[5000, 5999]
9157 9094 9094 40:[5000, 5999]
9156 8979 8979 40:[5000, 5999]
9154 8697 8432 41:[5000, 5999]
9153 7536 7536 17:[5000, 5999]
9159 9091 9091 73:[5000, 5999]
9162 8973 8973 55:[5000, 5999]
9160 8118 8118 32:[5000, 5999]
9167 9108 9108 81:[5000, 5999]
9166 8982 8982 35:[5000, 5999]
9165 8968 8968 79:[5000, 5999]
9173 9118 9118 43:[5000, 5999]
9171 9095 9095 71:[5000, 5999]
9170 8951 8951 67:[5000, 5999]
9169 8113 8350 39:[5000, 5999]
9168 8297 8297 79:[5000, 5999]
9176 9122 9122 38:[5000, 5999]
9175 9106 9106 77:[5000, 5999]
9177 9124 9124 47:[5000, 5999]
9180 9132 9132 33:[5000, 5999]
9178 8371 8371 40:[5000, 5999]
9182 9114 9114 74:[5000, 5999]
9187 9141 9141 41:[5000, 5999]
9186 9135 9135 80:[5000, 5999]
9185 9121 9121 74:[5000, 5999]
9183 8227 8227 32:[5000, 5999]
9188 8797 8797 73:[5000, 5999]
9190 9131 9131 81:[5000, 5999]
9189 9005 9005 82:[5000, 5999]
9193 7863 7863 16:[5000, 5999]
9192 7474 7474 25:[5000, 5999]
9201 9153 9153 18:[5000, 5999]
9199 9156 9156 41:[5000, 5999]
9198 9157 9157 41:[5000, 5999]
9197 9149 9149 83:[5000, 5999]
9196 8851 8851 36:[5000, 5999]
9204 8605 8605 30:[5000, 5999]
9202 7186 7186 35:[5000, 5999]
9208 9145 9145 74:[5000, 5999]
9207 9016 9016 35:[5000, 5999]
9205 8684 8684 35:[5000, 5999]
9212 8990 8990 81:[5000, 5999]
9211 8749 8749 41:[5000, 5999]
9210 7217 7217 22:[5000, 5999]
9215 9166 9166 36:[5000, 5999]
9213 6108 6108 24:[5000, 5999]
9220 9165 9165 80:[5000, 5999]
9219 9167 9167 82:[5000, 5999]
9218 8703 8703 77:[5000, 5999]
9217 8387 8387 35:[5000, 5999]
9221 9036 9036 34:[5000, 5999]
9222 9181 9181 36:[5000, 5999]
9226 9046 9046 36:[5000, 5999]
9225 9047 9047 35:[5000, 5999]
9224 8992 8992 77:[5000, 5999]
9223 8946 8946 78:[5000, 5999]
9228 8702 8702 27:[5000, 5999]
9231 9048 9048 36:[5000, 5999]
9230 9049 9049 83:[5000, 5999]
9229 8866 8866 13:[5000, 5999]
9233 9186 9186 81:[5000, 5999]
9232 8650 8650 80:[5000, 5999]
9235 9182 9182 75:[5000, 5999]
9234 8931 8931 39:[5000, 5999]
9240 9198 9198 42:[5000, 5999]
9239 9201 9201 19:[5000, 5999]
9238 9066 9066 37:[5000, 5999]
9237 9061 9061 30:[5000, 5999]
9236 8306 8306 16:[5000, 5999]
9244 9202 9202 36:[5000, 5999]
9243 9204 9204 31:[5000, 5999]
9242 9185 9185 75:[5000, 5999]
9241 9076 9076 32:[5000, 5999]
9249 9207 9207 36:[5000, 5999]
9248 9209 9209 37:[5000, 5999]
9247 9188 9188 74:[5000, 5999]
9246 9067 9067 36:[5000, 5999]
9251 9211 9211 42:[5000, 5999]
9250 9070 9070 56:[5000, 5999]
9254 9214 9214 32:[5000, 5999]
9253 9017 9017 77:[5000, 5999]
9252 8515 8515 29:[5000, 5999]
9256 9217 9217 36:[5000]
9255 8737 8737 22:[5000, 5999]
9261 9208 9208 75:[5000, 5999]
9260 9081 9081 35:[5000, 5999]
9258 9084 9084 40:[5000, 5999]
9262 8735 8735 77:[5000, 5999]
9266 9225 9225 36:[5000, 5999]
9265 9226 9226 37:[5000, 5999]
9264 9093 9093 37:[5000, 5999]
9263 8758 8758 26:[5000, 5999]
9268 9228 9228 28:[5000, 5999]
9267 9042 9042 75:[5000, 5999]
9270 8911 8911 14:[5000, 5999]
9269 8889 8889 26:[5000, 5999]
9275 8936 8936 17:[5000, 5999]
9274 8867 8867 82:[5000, 5999]
9273 8816 8816 57:[5000, 5999]
9279 9234 9234 40:[5000, 5999]
9278 9230 9230 84:[5000, 5999]
9277 9119 9119 18:[5000, 5999]
9276 8296 8296 65:[5000, 5999]
9285 9232 9232 81:[5000, 5999]
9284 9224 9224 78:[5000, 5999]
9283 9115 9115 27:[5000, 5999]
9281 8770 8770 35:[5000, 5999]
9280 8760 8760 78:[5000, 5999]
9290 9244 9244 37:[5000, 5999]
9289 8927 8927 38:[5000, 5999]
9288 8677 8677 18:[5000, 5999]
9287 7999 7999 46:[5000, 5999]
9286 6232 6232 17:[5000, 5999]
9291 9249 9249 37:[5000, 5999]
9294 9251 9251 43:[5000, 5999]
9293 8783 8783 40:[5000, 5999]
9292 8623 8623 81:[5000, 5999]
9301 9235 9235 76:[5000, 5999]
9300 9127 9127 35:[5000, 5999]
9298 8809 8809 33:[5000, 5999]
9297 8680 8680 54:[5000, 5999]
9295 8338 8338 16:[5000, 5999]
9304 8976 8976 35:[5000, 5999]
9303 8953 8953 42:[5000, 5999]
9302 8683 8683 53:[5000, 5999]
9305 8794 8794 37:[5000, 5999]
9308 9247 9247 75:[5000, 5999]
9307 9152 9152 37:[5000, 5999]
9306 8756 8756 36:[5000, 5999]
9309 8877 8877 75:[5000, 5999]
9312 9253 9253 78:[5000, 5999]
9311 8962 8962 32:[5000, 5999]
9310 8689 8689 33:[5000, 5999]
9321 9245 9280 79:[5000, 5999]
9320 9263 9263 27:[5000, 5999]
9319 9266 9266 37:[5000, 5999]
9318 9138 9138 43:[5000, 5999]
9317 8798 8798 13:[5000, 5999]
9316 8757 8757 31:[5000, 5999]
9315 8691 8691 73:[5000, 5999]
9314 8432 8432 41:[5000, 5999]
9313 8021 8021 26:[5000, 5999]
9325 9268 9268 29:[5000, 5999]
9324 9154 9154 42:[5000, 5999]
9323 9157 9157 41:[5000, 5999]
9322 8767 8767 36:[5000, 5999]
9328 9269 9269 27:[5000, 5999]
9327 9261 9261 76:[5000, 5999]
9326 8914 8914 62:[5000, 5999]
9329 9095 9095 71:[5000, 5999]
9335 9281 9281 36:[5000, 5999]
9334 9283 9283 28:[5000, 5999]
9333 9153 9153 18:[5000, 5999]
9332 8904 8904 34:[5000, 5999]
9331 8881 8881 79:[5000, 5999]
9340 9286 9286 18:[5000]
9339 9288 9288 19:[5000, 5999]
9338 9289 9289 39:[5000, 5999]
9337 9267 9267 76:[5000, 5999]
9336 9023 9023 55:[5000, 5999]
9344 9285 9285 82:[5000, 5999]
9343 8968 8968 79:[5000, 5999]
9342 8746 8746 74:[5000, 5999]
9341 8227 8227 32:[5000, 5999]
9345 9294 9294 44:[5000, 5999]
9350 8689 9310 34:[5000, 5999]
9349 9295 9295 17:[5000, 5999]
9348 9297 9297 55:[5000, 5999]
9347 9165 9165 80:[5000, 5999]
9346 8975 8975 80:[5000, 5999]
9486 8432 8432 41:[6000]
9667 8862 8862 36:[6000]
9694 9087 9087 15:[6000]
9890 9708 9708 42:[6000]
9920 9874 9874 36:[6000]
9991 9536 9536 43:[6000]
10126 7946 7946 19:[6000]
10135 6232 6232 17:[6000]
10159 9842 9842 45:[6000]
10202 10145 10145 38:[6000]
10254 10197 10197 45:[6000]
10418 10227 10227 37:[6000]
10437 6661 6661 13:[6000]
10464 7946 7946 19:[6000]
10568 10523 10523 35:[6000]
10594 10418 10418 38:[6000]
10601 10550 10550 20:[6000]
10621 10568 10568 36:[6000]
10630 10566 10566 79:[6000]
10649 10596 10596 35:[6000]
10706 10565 10565 39:[6000]
10724 9821 9821 41:[6000]
10748 9486 9486 42:[6000]
10757 10705 10705 36:[6000]
10755 8919 8919 42:[6000]
10768 10713 10713 73:[6000]
10765 9819 9819 32:[6000]
10773 10725 10725 42:[6000]
10785 10566 10566 79:[6000]
10796 10621 10621 37:[6000]
10807 10769 10769 45:[6000]
10837 10135 10135 18:[6000]
10861 10418 10418 38:[6000]
10904 10736 10736 40:[6000]
10917 10518 10518 78:[6000]
10928 8803 8803 34:[6000]
10930 10764 10764 21:[6000]
10934 10754 10754 50:[6000]
10947 9176 9176 39:[6000]
10955 10900 10900 16:[6000]
10962 10832 10832 41:[6000]
10997 10823 10823 37:[6000]
11009 10965 10965 39:[6000]
11027 10979 10979 36:[6000]
11068 10594 10594 39:[6000]
11087 10010 10010 36:[6000]
11098 10962 10962 42:[6000]
11114 10928 10928 35:[6000]
11112 9333 9333 19:[6000]
11139 10919 10919 79:[6000]
11138 10754 10754 50:[6000]
11152 10848 11118 47:[6000]
11211 11167 11167 43:[6000]
11218 10856 10856 48:[6000]
11242 11198 11198 15:[6000]
11245 11200 11200 41:[6000]
11244 10927 10927 39:[6000]
11249 9991 9991 44:[6000]
11265 11222 11222 14:[6000]
11270 10906 10906 38:[6000]
11291 11123 11123 39:[6000]
11315 11252 11252 51:[6000]
11322 11265 11265 15:[6000]
11327 10934 10934 51:[6000]
11334 10754 10754 50:[6000]
11356 11170 11170 42:[6000]
11363 10968 10968 53:[6000]
11402 11351 11351 45:[6000]
11416 11218 11218 49:[6000]
11422 11376 11376 14:[6000]
11419 7979 7979 17:[6000]
11423 8687 8687 34:[6000]
11431 11059 11059 35:[6000]
11443 11390 11390 20:[6000]
11439 10575 10575 78:[6000]
11454 10893 11414 36:[6000]
11465 10890 11231 81:[6000]
11469 10835 10835 51:[6000]
11471 11268 11268 33:[6000]
11475 11418 11418 47:[6000]
11479 11422 11422 15:[6000]
11493 11443 11443 21:[6000]
11505 11449 11449 95:[6000]
11502 6474 6474 12:[6000]
11513 8880 8880 19:[6000]
11523 11341 11341 42:[6000]
11537 11488 11488 45:[6000]
11534 11351 11351 45:[6000]
11555 11073 11315 52:[6000]
11561 10860 10860 15:[6000]
11574 11513 11513 20:[6000]
11572 11150 11150 46:[6000]
11583 11531 11531 44:[6000]
11588 11517 11517 86:[6000]
11597 11552 11552 14:[6000]
11608 11558 11558 18:[6000]
11610 11443 11443 21:[6000]
11609 11423 11423 35:[6000]
11616 11574 11574 21:[6000]
11619 11426 11426 54:[6000]
11621 10835 10835 51:[6000]
11628 10852 10852 45:[6000]
11640 11593 11593 40:[6000]
11655 11604 11604 19:[6000]
11653 11608 11608 19:[6000]
11659 11613 11613 42:[6000]
11656 8835 8835 81:[6000]
11663 10827 10827 86:[6000]
11688 11640 11640 41:[6000]
11687 11513 11513 20:[6000]
11701 11653 11653 20:[6000]
11699 11655 11655 20:[6000]
11696 10933 10933 92:[6000]
11707 11651 11651 95:[6000]
11712 11175 11175 13:[6000]
11723 11678 11678 47:[6000]
11725 11542 11542 50:[6000]
11728 11676 11676 73:[6000]
11727 11414 11414 36:[6000]
11736 11564 11564 41:[6000]
11735 11014 11014 38:[6000]
11740 11376 11376 14:[6000]
11747 11699 11699 21:[6000]
11754 11583 11583 45:[6000]
11762 11712 11712 14:[6000]
11766 10768 10768 74:[6000]
11781 11730 11730 89:[6000]
11780 11731 11731 19:[6000]
11777 11604 11604 19:[6000]
11784 11599 11599 94:[6000]
11790 11150 11150 46:[6000]
11793 11539 11539 52:[6000]
11801 11635 11635 92:[6000]
11808 11763 11763 40:[6000]
11807 11764 11764 52:[6000]
11810 11290 11290 55:[6000]
11818 11643 11643 43:[6000]
11824 11655 11655 20:[6000]
11826 10837 10837 19:[6000]
11838 11787 11787 92:[6000]
11843 11670 11670 39:[6000]
11848 11795 11795 52:[6000]
11846 9639 9639 71:[6000]
11859 11175 11175 13:[6000]
11869 11822 11822 24:[6000]
11865 10202 10202 39:[6000]
11871 11548 11548 94:[6000]
11870 9276 9276 66:[6000]
11883 9333 9333 19:[6000]
11900 11545 11545 39:[6000]
11901 11712 11712 14:[6000]
11907 11853 11853 54:[6000]
11906 10913 10913 77:[6000]
11911 11731 11731 19:[6000]
11909 11465 11465 82:[6000]
11920 11728 11882 74:[6000]
11917 10757 10757 37:[6000]
11925 11869 11869 25:[6000]
11921 11581 11581 53:[6000]
11929 10928 10928 35:[6000]
11938 11861 11861 92:[6000]
11936 11754 11754 46:[6000]
11945 11672 11672 56:[6000]
11950 11892 11892 44:[6000]
11953 11787 11838 93:[6000]
11952 11612 11612 46:[6000]
11955 11441 11441 88:[6000]
11962 11790 11790 47:[6000]
11958 5317 5317 16:[6000]
11966 11915 11915 43:[6000]
11971 11925 11925 26:[6000]
11973 11927 11927 39:[6000]
11974 11913 11913 94:[6000]
11984 11811 11811 57:[6000]
11988 11564 11564 41:[6000]
11995 11473 11473 51:[6000]
11994 10373 10373 19:[6000]
12000 11827 11827 94:[6000]
11999 11807 11807 53:[6000]
11998 11296 11296 97:[6000]
12003 11957 11957 24:[6000]
12002 11659 11659 43:[6000]
12006 11960 11960 45:[6000]
12004 11322 11322 16:[6000]
12011 11963 11963 74:[6000]
12016 11971 11971 27:[6000]
12015 11783 11783 90:[6000]
12013 11615 11615 44:[6000]
12023 9752 11993 16:[6000]
12028 11978 11978 100:[6000]
12026 11813 11813 83:[6000]
12025 11583 11583 45:[6000]
12030 11670 11670 39:[6000]
12029 11139 11139 80:[6000]
12042 11787 12005 93:[6000]
12044 11992 11992 99:[6000]
12049 11733 12014 92:[6000]
12045 10649 10649 36:[6000]
12055 12003 12003 25:[6000]
12053 11496 11496 40:[6000]
12051 11118 11118 47:[6000]
12059 12006 12006 46:[6000]
12060 11795 11795 52:[6000]
12063 11707 11707 96:[6000]
12061 11114 11114 36:[6000]
12070 11846 11846 72:[6000]
12069 11749 11749 98:[6000]
12073 11873 11873 53:[6000]
12074 11686 11686 94:[6000]
12085 12035 12035 43:[6000]
12083 11565 11565 45:[6000]
12089 12027 12027 51:[6000]
12091 11915 11915 43:[6000]
12090 11916 11916 40:[6000]
12098 12045 12045 37:[6000]
12102 12055 12055 26:[6000]
12101 11927 11927 39:[6000]
12104 11488 11488 45:[6000]
12111 11942 11942 57:[6000]
12108 11932 11932 47:[6000]
12113 11930 11930 38:[6000]
12112 11902 11902 49:[6000]
12115 11581 11581 53:[6000]
12119 12063 12063 97:[6000]
12122 12070 12070 73:[6000]
12125 11465 11465 82:[6000]
12124 10992 10992 20:[6000]
12136 12080 12080 41:[6000]
12140 12001 11984 58:[6000]
12139 11402 11402 46:[6000]
12144 12075 12075 91:[6000]
12151 12101 12101 40:[6000]
12156 12094 12094 96:[6000]
12155 11909 11909 83:[6000]
12165 12114 12114 16:[6000]
12164 12111 12111 58:[6000]
12163 11992 11992 99:[6000]
12166 10893 10893 33:[6000]
12169 12115 12115 54:[6000]
12167 11988 11988 42:[6000]
12172 12124 12124 21:[6000]
12171 12127 12127 47:[6000]
12170 12007 11390 20:[6000]
12176 11969 11969 50:[6000]
12179 11574 11574 21:[6000]
12183 12129 12129 95:[6000]
12186 12003 12003 25:[6000]
12189 11843 11843 40:[6000]
12188 11087 11087 37:[6000]
12201 12150 12150 40:[6000]
12200 12151 12151 41:[6000]
12202 12028 12028 101:[6000]
12210 11444 12176 51:[6000]
12209 12145 12145 92:[6000]
12208 10766 10766 38:[6000]
12214 12165 12165 17:[6000]
12212 12042 12042 94:[6000]
12218 9974 12184 48:[6000]
12216 11942 12111 58:[6000]
12222 12044 12044 100:[6000]
12221 11985 11985 86:[6000]
12228 12171 12171 48:[6000]
12225 11856 11856 52:[6000]
12224 11244 11244 40:[6000]
12232 11869 11869 25:[6000]
12234 11703 11703 94:[6000]
12236 11045 11045 44:[6000]
12239 12168 12168 83:[6000]
12242 11781 11781 90:[6000]
12241 11016 11016 49:[6000]
12245 11834 11834 92:[6000]
12244 11608 11608 19:[6000]
12246 11537 11537 46:[6000]
12250 12200 12200 42:[6000]
12249 12049 12049 93:[6000]
12248 11663 11663 87:[6000]
12259 11891 12230 46:[6000]
12258 12207 12207 43:[6000]
12260 10254 10254 46:[6000]
12263 12218 12218 49:[6000]
12271 12032 12032 91:[6000]
12269 11367 11367 79:[6000]
12279 12229 12229 39:[6000]
12278 12232 12232 26:[6000]
12277 12233 12233 42:[6000]
12274 11773 11773 23:[6000]
12283 12235 12235 42:[6000]
12287 12236 12236 45:[6000]
12286 12231 12231 95:[6000]
12285 12101 12101 40:[6000]
12290 12046 12046 87:[6000]
12288 11422 11422 15:[6000]
12294 11513 11513 20:[6000]
12293 11460 11460 97:[6000]
12296 11819 11819 98:[6000]
12299 12033 12131 58:[6000]
12298 11459 11459 85:[6000]
12306 12248 12248 88:[6000]
12305 12250 12250 43:[6000]
12302 12113 12113 39:[6000]
12300 11138 11138 51:[6000]
12308 11848 11848 53:[6000]
12311 11431 11431 36:[6000]
12316 11958 11958 17:[6000]
12320 12129 12129 95:[6000]
12319 11906 11906 78:[6000]
12326 12277 12277 43:[6000]
12325 12266 12266 99:[6000]
12327 12272 12272 97:[6000]
12335 12285 12285 41:[6000]
12334 12287 12287 46:[6000]
12333 12151 12151 41:[6000]
12331 12052 12052 89:[6000]
12330 12042 12042 94:[6000]
12329 12018 12018 57:[6000]
12336 11601 11601 54:[6000]
12343 12286 12286 96:[6000]
12342 12269 12269 80:[6000]
12341 12271 12271 92:[6000]
12340 12164 12164 59:[6000]
12346 12299 12299 59:[6000]
12345 12281 12281 82:[6000]
12347 10904 10904 41:[6000]
12352 11738 11735 39:[6000]
12351 11717 11717 43:[6000]
12358 12310 12310 32:[6000]
12356 11953 11953 94:[6000]
12355 11342 11342 21:[6000]
12361 12315 12315 41:[6000]
12360 11502 11502 13:[6000]
12367 12316 12316 18:[6000]
12366 12301 12301 49:[6000]
12364 12298 12298 86:[6000]
12363 11784 11784 95:[6000]
12372 12309 12309 51:[6000]
12369 9486 9486 42:[6000]
12368 8529 8529 49:[6000]
12377 11555 12336 55:[6000]
12375 11244 11244 40:[6000]
12373 10755 10755 43:[6000]
12385 12320 12320 96:[6000]
12383 12183 12183 96:[6000]
12382 12058 12058 99:[6000]
12388 12144 12144 92:[6000]
12387 12006 12006 46:[6000]
12392 12324 12324 48:[6000]
12391 12176 12176 51:[6000]
12393 12323 12323 88:[6000]
12397 12343 12343 97:[6000]
12396 12207 12207 43:[6000]
12395 10997 10997 38:[6000]
12399 12347 12347 42:[6000]
12398 12344 12344 97:[6000]
12402 12155 12155 84:[6000]
12401 12097 12097 92:[6000]
12408 12358 12358 33:[6000]
12407 12348 12348 75:[6000]
12405 12234 12234 95:[6000]
12404 11555 11555 53:[6000]
12414 12359 12359 38:[6000]
12413 12361 12361 42:[6000]
12411 11925 11925 26:[6000]
12410 11523 11523 43:[6000]
12409 9169 9169 40:[6000]
12415 12168 12168 83:[6000]
12420 12368 12368 50:[6000]
12419 12369 12369 43:[6000]
12418 12370 12370 38:[6000]
12416 11984 11984 58:[6000]
12422 12236 12236 45:[6000]
12421 11561 11561 16:[6000]
12425 12248 12248 88:[6000]
12430 12372 12372 52:[6000]
12429 12364 12364 87:[6000]
12428 12244 12244 20:[6000]
12432 12387 12387 47:[6000]
12431 10254 10254 46:[6000]
12435 12379 12379 84:[6000]
12434 12197 12197 86:[6000]
12438 12092 12092 98:[6000]
12437 12011 12011 75:[6000]
12439 11733 11733 91:[6000]
12445 12272 12272 97:[6000]
12444 12254 12254 38:[6000]
12441 12026 12026 84:[6000]
12450 12397 12397 98:[6000]
12448 12392 12392 49:[6000]
12447 12241 12241 50:[6000]
12453 12408 12408 34:[6000]
12452 12291 12291 96:[6000]
12451 11816 11816 36:[6000]
12456 12414 12414 39:[6000]
12455 12221 12221 87:[6000]
12454 12164 12164 59:[6000]
12461 12405 12405 96:[6000]
12458 11808 11808 41:[6000]
12464 12420 12420 51:[6000]
12463 12285 12285 41:[6000]
12466 12284 12284 40:[6000]
12468 12423 12423 39:[6000]
12471 12260 12260 47:[6000]
12470 12074 12074 95:[6000]
12469 12056 12056 76:[6000]
12473 12164 12340 60:[6000]
12472 11422 11422 15:[6000]
12477 11834 12443 59:[6000]
12476 12169 12169 55:[6000]
12475 11459 11459 85:[6000]
12474 10724 10724 42:[6000]
12480 12426 12426 51:[6000]
12479 12430 12430 53:[6000]
12478 12331 12331 90:[6000]
12482 12076 12076 39:[6000]
12481 12028 12028 101:[6000]
12485 12437 12437 76:[6000]
12487 12163 12163 100:[6000]
12486 11282 11282 37:[6000]
12490 12453 12453 35:[6000]
12489 12434 12434 87:[6000]
12488 12435 12435 85:[6000]
12494 12456 12456 40:[6000]
12493 12329 12329 58:[6000]
12492 11848 11848 53:[6000]
12497 12458 12458 42:[6000]
12496 12216 12164 59:[6000]
12495 11784 11784 95:[6000]
12500 12464 12464 52:[6000]
12505 12461 12461 97:[6000]
12503 12320 12320 96:[6000]
12502 12271 12271 92:[6000]
12501 10904 10904 41:[6000]
12509 12455 12455 88:[6000]
12508 12140 12416 59:[6000]
12507 12044 12044 100:[6000]
12506 11342 11342 21:[6000]
12511 12175 12484 48:[6000]
12510 11834 11953 94:[6000]
12513 12470 12470 96:[6000]
12512 9920 9920 37:[6000]
12515 12467 12467 94:[6000]
12514 11984 11984 58:[6000]
12518 12358 12358 33:[6000]
12517 12245 12245 93:[6000]
12516 8529 8529 49:[6000]
12521 12101 12101 40:[6000]
12520 11900 11900 40:[6000]
12519 9849 10464 20:[6000]
12522 12482 12482 40:[6000]
12525 12475 12475 86:[6000]
12524 11315 11315 52:[6000]
12523 6474 6474 12:[6000]
12527 12486 12486 38:[6000]
12526 12369 12369 43:[6000]
12533 12485 12485 77:[6000]
12532 12479 12479 54:[6000]
12531 12382 12382 100:[6000]
12530 12373 12373 44:[6000]
12529 12119 12119 98:[6000]
12528 11656 11656 82:[6000]
12539 12494 12494 41:[6000]
12538 12487 12487 101:[6000]
12537 12222 12222 101:[6000]
12536 12006 12006 46:[6000]
12535 11869 11869 25:[6000]
12534 10837 10837 19:[6000]
12541 12497 12497 43:[6000]
12540 12368 12368 50:[6000]
12542 12500 12500 53:[6000]
12544 12398 12398 98:[6000]
12543 12234 12234 95:[6000]
12549 12488 12488 86:[6000]
12548 12489 12489 88:[6000]
12546 11938 11938 93:[6000]
12553 12383 12383 97:[6000]
12552 12366 12366 50:[6000]
12551 12208 12208 39:[6000]
12555 12372 12372 52:[6000]
12554 11439 11439 79:[6000]
12556 12405 12405 96:[6000]
12559 12510 12510 95:[6000]
12558 12502 12502 93:[6000]
12557 12341 12341 93:[6000]
12563 12516 12516 50:[6000]
12562 12513 12513 97:[6000]
12561 12508 12508 60:[6000]
12560 12345 12345 83:[6000]
