# PHOTON ASCII

struct ORGANIC[N] {
	X
	Y
	ENERGY
}

struct BARRIER[N] {
	X
	Y
}

struct ER {
	FIDX
	RIDX
	STATE[N] {
		VALUE
	}
}

struct KFMO {
	MAX_CODE_BLOCKS
	MAX_APPLY
	PROB_MUTATE_CODEBLOCK
	PROB_DUPLICATE
	PROB_DELETE
	PROB_INSERT
	PROB_TRANSPOSE
	PROB_MODIFY
}

struct SPORE {
	X
	Y
	ENERGY
	PARENT
	STRAIN
	SFLAGS
	PROGRAM[N] {
		TEXT_LINE
	}
}

struct CELL {
	ORGANISM_ID
	X
	Y
	MOOD
	MESSAGE

	MACHINE {
		TERMINATED
		CB
		PC
		R[N] {
			VALUE
		}

		CALL_STACK[N] {
			CB
			PC
		}

		DATA_STACK[N] {
			VALUE
		}
	}
}

struct ORGANISM {
	ORGANISM_ID
	STRAIN
	OFLAGS
	PARENT1
	PARENT2
	GENERATION
	ENERGY
	AGE
	PROGRAM[N] {
		TEXT_LINE
	}
}

struct KEYLIST {
	KEY
	VALUE
}
struct PLAYER {
	TERMINATED
	X
	Y
	ENERGY
	AGE
	CMD {
		TYPE
		X
		Y
	}
}

struct UNIVERSE {
	SEED
	STEP
	NEXT_ID
	NBORN
	NDIE
	WIDTH
	HEIGHT
}

UNIVERSE 474810828 0 2 0 0 100 100

ER 1 0 63
	-1902974329	639321307	-380724807	692744049
	423128346	1120037410	-588911562	382493198
	-1407704583	-1403695103	-632082661	2146522186
	2031466236	-1480288033	469720724	1171710982
	-1701172703	1976491664	618755124	229983848
	-657470141	-1532334423	-984504162	-1430825767
	1909155810	1788346309	-398831732	646390711
	734279405	1620951983	1156391585	-1457968393
	-1981860288	993751519	1647874696	-1719037315
	-1314120336	-1288526359	631706486	304023561
	1040007664	1641673864	392929974	1360776723
	-1148436730	2117398000	-456293963	-404952477
	-1201532174	-1499615443	1299398768	-28301109
	1584641659	492291345	217646485	-937638848
	-1242734602	152660391	-2017533674	-479803676
	1723046055	-469566489	609566049


KFMO
	1
	1
	2500
	200
	600
	200
	200
	200


BARRIER {
	26	45
	26	46
	26	47
	26	48
	26	49
	26	50
	26	51
	26	52
	26	53
	26	54
	26	55
	26	56
	27	42
	27	43
	27	44
	27	45
	27	56
	27	57
	27	58
	27	59
	28	39
	28	40
	28	41
	28	42
	28	59
	28	60
	28	61
	28	62
	29	36
	29	37
	29	38
	29	39
	29	62
	29	63
	29	64
	29	65
	30	35
	30	36
	30	65
	30	66
	31	34
	31	35
	31	66
	31	67
	32	32
	32	33
	32	34
	32	67
	32	68
	32	69
	33	31
	33	32
	33	69
	33	70
	34	31
	34	70
	35	30
	35	31
	35	70
	35	71
	36	29
	36	30
	36	71
	36	72
	37	28
	37	29
	37	72
	37	73
	38	28
	38	73
	39	27
	39	28
	39	73
	39	74
	40	27
	40	74
	41	27
	41	74
	42	26
	42	27
	42	74
	42	75
	43	26
	43	75
	44	26
	44	75
	45	25
	45	26
	45	75
	45	76
	46	25
	46	76
	47	25
	47	76
	48	25
	48	76
	49	25
	49	76
	50	25
	50	76
	51	25
	51	76
	52	25
	52	76
	53	25
	53	76
	54	25
	54	76
	55	25
	55	76
	56	25
	56	26
	56	75
	56	76
	57	26
	57	75
	58	26
	58	75
	59	26
	59	27
	59	74
	59	75
	60	27
	60	74
	61	27
	61	74
	62	27
	62	28
	62	73
	62	74
	63	28
	63	73
	64	28
	64	29
	64	72
	64	73
	65	29
	65	30
	65	71
	65	72
	66	30
	66	31
	66	70
	66	71
	67	31
	67	70
	68	31
	68	32
	68	69
	68	70
	69	32
	69	33
	69	34
	69	67
	69	68
	69	69
	70	34
	70	35
	70	66
	70	67
	71	35
	71	36
	71	65
	71	66
	72	36
	72	37
	72	38
	72	39
	72	62
	72	63
	72	64
	72	65
	73	39
	73	40
	73	41
	73	42
	73	59
	73	60
	73	61
	73	62
	74	42
	74	43
	74	44
	74	45
	74	56
	74	57
	74	58
	74	59
	75	45
	75	46
	75	47
	75	48
	75	49
	75	50
	75	51
	75	52
	75	53
	75	54
	75	55
	75	56
}

KEYLIST "HadStrain0" "Y"

ORGANIC {
}

ORGANISM 1 0 0 0 0 0 50000 0
  {  # program
	"main:"
	"{"
	"      ENERGY  4  /  R0!  15  FARTHEST  2dup  R0  MAKE-SPORE  pop  R0  MAKE-SPORE"
	"      pop  2  NEAREST  2negate  2dup  OMOVE  pop  OMOVE  pop  7  NEAREST  2dup  EAT"
	"      pop  OMOVE  pop  1  ?loop "
	"}"
  }

CELL 1 50 50
	0 0
	0 0 0
	{ 0 0 0 0 0
	  0 0 0 0 0 }
	{
	}
	{
	}

