# PHOTON ASCII

struct ORGANIC[N] {
	X
	Y
	ENERGY
}

struct BARRIER[N] {
	X
	Y
}

struct ER {
	FIDX
	RIDX
	STATE[N] {
		VALUE
	}
}

struct KFMO {
	MAX_CODE_BLOCKS
	MAX_APPLY
	PROB_MUTATE_CODEBLOCK
	PROB_DUPLICATE
	PROB_DELETE
	PROB_INSERT
	PROB_TRANSPOSE
	PROB_MODIFY
}

struct SPORE {
	X
	Y
	ENERGY
	PARENT
	STRAIN
	SFLAGS
	PROGRAM[N] {
		TEXT_LINE
	}
}

struct CELL {
	ORGANISM_ID
	X
	Y
	MOOD
	MESSAGE

	MACHINE {
		TERMINATED
		CB
		PC
		R[N] {
			VALUE
		}

		CALL_STACK[N] {
			CB
			PC
		}

		DATA_STACK[N] {
			VALUE
		}
	}
}

struct ORGANISM {
	ORGANISM_ID
	STRAIN
	OFLAGS
	PARENT1
	PARENT2
	GENERATION
	ENERGY
	AGE
	PROGRAM[N] {
		TEXT_LINE
	}
}

struct KEYLIST {
	KEY
	VALUE
}
struct PLAYER {
	TERMINATED
	X
	Y
	ENERGY
	AGE
	CMD {
		TYPE
		X
		Y
	}
}

struct UNIVERSE {
	SEED
	STEP
	NEXT_ID
	NBORN
	NDIE
	WIDTH
	HEIGHT
}

UNIVERSE 18889343 0 2 0 0 500 600

ER 1 0 63
	1270892097	724330893	158957362	-2104199223
	230127891	1388916848	-1716111133	1582399932
	582773616	-965825032	1760706992	1501502924
	-916941784	519163634	495761796	-1393498556
	952893050	-720375573	-348601824	-1973841698
	49069873	-1575214932	1348516639	-156400422
	-416423486	1805466715	1085108029	1520286219
	476444287	1975169551	2004504051	233260340
	-826306750	1979076495	66856033	-1930358790
	430770394	-168604937	2037971622	-795025632
	-1057545031	-57727160	2080944551	-1545678372
	219691804	284273479	-95960813	1790346988
	1215314493	2042359216	694100104	-1374111547
	-1934568083	-758843356	-2061454367	1160027098
	-186121970	1576489711	-236640564	-21777495
	1359831326	-2103080030	490485380


KFMO
	100
	1
	2500
	200
	800
	200
	200
	200


BARRIER {
	0	261
	0	262
	0	263
	0	264
	0	265
	0	266
	0	267
	0	268
	0	269
	0	270
	0	271
	0	272
	0	273
	0	274
	0	275
	0	276
	0	277
	0	278
	0	279
	0	280
	0	281
	0	282
	0	283
	0	284
	0	285
	0	286
	0	287
	0	288
	0	289
	0	290
	0	291
	0	292
	0	293
	0	294
	0	295
	0	296
	0	297
	0	298
	0	299
	0	300
	0	301
	0	302
	0	303
	0	304
	0	305
	0	306
	0	307
	0	308
	0	309
	0	310
	0	311
	0	312
	0	313
	0	314
	0	315
	0	316
	0	317
	0	318
	0	319
	0	320
	0	321
	0	322
	0	323
	0	324
	0	325
	0	326
	0	327
	0	328
	0	329
	0	330
	0	331
	0	332
	0	333
	0	334
	0	335
	0	336
	0	337
	0	338
	1	253
	1	254
	1	255
	1	256
	1	257
	1	258
	1	259
	1	260
	1	261
	1	262
	1	263
	1	264
	1	265
	1	266
	1	267
	1	268
	1	269
	1	270
	1	271
	1	272
	1	273
	1	274
	1	275
	1	276
	1	277
	1	278
	1	279
	1	280
	1	281
	1	282
	1	283
	1	284
	1	285
	1	286
	1	287
	1	288
	1	289
	1	290
	1	291
	1	292
	1	293
	1	294
	1	295
	1	296
	1	297
	1	298
	1	299
	1	300
	1	301
	1	302
	1	303
	1	304
	1	305
	1	306
	1	307
	1	308
	1	309
	1	310
	1	311
	1	312
	1	313
	1	314
	1	315
	1	316
	1	317
	1	318
	1	319
	1	320
	1	321
	1	322
	1	323
	1	324
	1	325
	1	326
	1	327
	1	328
	1	329
	1	330
	1	331
	1	332
	1	333
	1	334
	1	335
	1	336
	1	337
	1	338
	1	339
	1	340
	1	341
	1	342
	1	343
	1	344
	1	345
	1	346
	2	244
	2	245
	2	246
	2	247
	2	248
	2	249
	2	250
	2	251
	2	252
	2	253
	2	254
	2	255
	2	256
	2	257
	2	258
	2	259
	2	260
	2	261
	2	262
	2	263
	2	264
	2	265
	2	266
	2	267
	2	268
	2	269
	2	330
	2	331
	2	332
	2	333
	2	334
	2	335
	2	336
	2	337
	2	338
	2	339
	2	340
	2	341
	2	342
	2	343
	2	344
	2	345
	2	346
	2	347
	2	348
	2	349
	2	350
	2	351
	2	352
	2	353
	2	354
	2	355
	3	239
	3	240
	3	241
	3	242
	3	243
	3	244
	3	245
	3	246
	3	247
	3	248
	3	249
	3	250
	3	251
	3	252
	3	253
	3	254
	3	255
	3	256
	3	257
	3	258
	3	259
	3	260
	3	339
	3	340
	3	341
	3	342
	3	343
	3	344
	3	345
	3	346
	3	347
	3	348
	3	349
	3	350
	3	351
	3	352
	3	353
	3	354
	3	355
	3	356
	3	357
	3	358
	3	359
	3	360
	4	235
	4	236
	4	237
	4	238
	4	239
	4	240
	4	241
	4	242
	4	243
	4	244
	4	245
	4	246
	4	247
	4	248
	4	249
	4	250
	4	251
	4	252
	4	347
	4	348
	4	349
	4	350
	4	351
	4	352
	4	353
	4	354
	4	355
	4	356
	4	357
	4	358
	4	359
	4	360
	4	361
	4	362
	4	363
	4	364
	5	226
	5	227
	5	228
	5	229
	5	230
	5	231
	5	232
	5	233
	5	234
	5	235
	5	236
	5	237
	5	238
	5	239
	5	240
	5	241
	5	242
	5	243
	5	356
	5	357
	5	358
	5	359
	5	360
	5	361
	5	362
	5	363
	5	364
	5	365
	5	366
	5	367
	5	368
	5	369
	5	370
	5	371
	5	372
	5	373
	6	222
	6	223
	6	224
	6	225
	6	226
	6	227
	6	228
	6	229
	6	230
	6	231
	6	232
	6	233
	6	234
	6	235
	6	236
	6	237
	6	238
	6	361
	6	362
	6	363
	6	364
	6	365
	6	366
	6	367
	6	368
	6	369
	6	370
	6	371
	6	372
	6	373
	6	374
	6	375
	6	376
	6	377
	7	218
	7	219
	7	220
	7	221
	7	222
	7	223
	7	224
	7	225
	7	226
	7	227
	7	228
	7	229
	7	230
	7	231
	7	232
	7	233
	7	234
	7	365
	7	366
	7	367
	7	368
	7	369
	7	370
	7	371
	7	372
	7	373
	7	374
	7	375
	7	376
	7	377
	7	378
	7	379
	7	380
	7	381
	8	213
	8	214
	8	215
	8	216
	8	217
	8	218
	8	219
	8	220
	8	221
	8	222
	8	223
	8	224
	8	225
	8	374
	8	375
	8	376
	8	377
	8	378
	8	379
	8	380
	8	381
	8	382
	8	383
	8	384
	8	385
	8	386
	9	209
	9	210
	9	211
	9	212
	9	213
	9	214
	9	215
	9	216
	9	217
	9	218
	9	219
	9	220
	9	221
	9	378
	9	379
	9	380
	9	381
	9	382
	9	383
	9	384
	9	385
	9	386
	9	387
	9	388
	9	389
	9	390
	10	207
	10	208
	10	209
	10	210
	10	211
	10	212
	10	213
	10	214
	10	215
	10	216
	10	217
	10	382
	10	383
	10	384
	10	385
	10	386
	10	387
	10	388
	10	389
	10	390
	10	391
	10	392
	11	205
	11	206
	11	207
	11	208
	11	209
	11	210
	11	211
	11	212
	11	387
	11	388
	11	389
	11	390
	11	391
	11	392
	11	393
	11	394
	12	200
	12	201
}
BARRIER {
	12	202
	12	203
	12	204
	12	205
	12	206
	12	207
	12	208
	12	391
	12	392
	12	393
	12	394
	12	395
	12	396
	12	397
	12	398
	12	399
	13	196
	13	197
	13	198
	13	199
	13	200
	13	201
	13	202
	13	203
	13	204
	13	205
	13	206
	13	393
	13	394
	13	395
	13	396
	13	397
	13	398
	13	399
	13	400
	13	401
	13	402
	13	403
	14	192
	14	193
	14	194
	14	195
	14	196
	14	197
	14	198
	14	199
	14	200
	14	201
	14	202
	14	203
	14	204
	14	395
	14	396
	14	397
	14	398
	14	399
	14	400
	14	401
	14	402
	14	403
	14	404
	14	405
	14	406
	14	407
	15	190
	15	191
	15	192
	15	193
	15	194
	15	195
	15	196
	15	197
	15	198
	15	199
	15	400
	15	401
	15	402
	15	403
	15	404
	15	405
	15	406
	15	407
	15	408
	15	409
	16	188
	16	189
	16	190
	16	191
	16	192
	16	193
	16	194
	16	195
	16	404
	16	405
	16	406
	16	407
	16	408
	16	409
	16	410
	16	411
	17	183
	17	184
	17	185
	17	186
	17	187
	17	188
	17	189
	17	190
	17	191
	17	408
	17	409
	17	410
	17	411
	17	412
	17	413
	17	414
	17	415
	17	416
	18	181
	18	182
	18	183
	18	184
	18	185
	18	186
	18	187
	18	188
	18	189
	18	410
	18	411
	18	412
	18	413
	18	414
	18	415
	18	416
	18	417
	18	418
	19	179
	19	180
	19	181
	19	182
	19	183
	19	184
	19	185
	19	186
	19	187
	19	412
	19	413
	19	414
	19	415
	19	416
	19	417
	19	418
	19	419
	19	420
	20	177
	20	178
	20	179
	20	180
	20	181
	20	182
	20	417
	20	418
	20	419
	20	420
	20	421
	20	422
	21	175
	21	176
	21	177
	21	178
	21	179
	21	180
	21	419
	21	420
	21	421
	21	422
	21	423
	21	424
	22	170
	22	171
	22	172
	22	173
	22	174
	22	175
	22	176
	22	177
	22	178
	22	421
	22	422
	22	423
	22	424
	22	425
	22	426
	22	427
	22	428
	22	429
	23	168
	23	169
	23	170
	23	171
	23	172
	23	173
	23	174
	23	175
	23	176
	23	423
	23	424
	23	425
	23	426
	23	427
	23	428
	23	429
	23	430
	23	431
	24	166
	24	167
	24	168
	24	169
	24	170
	24	171
	24	172
	24	173
	24	174
	24	425
	24	426
	24	427
	24	428
	24	429
	24	430
	24	431
	24	432
	24	433
	25	164
	25	165
	25	166
	25	167
	25	168
	25	169
	25	430
	25	431
	25	432
	25	433
	25	434
	25	435
	26	162
	26	163
	26	164
	26	165
	26	166
	26	167
	26	432
	26	433
	26	434
	26	435
	26	436
	26	437
	27	160
	27	161
	27	162
	27	163
	27	164
	27	165
	27	434
	27	435
	27	436
	27	437
	27	438
	27	439
	28	158
	28	159
	28	160
	28	161
	28	162
	28	163
	28	436
	28	437
	28	438
	28	439
	28	440
	28	441
	29	156
	29	157
	29	158
	29	159
	29	160
	29	161
	29	438
	29	439
	29	440
	29	441
	29	442
	29	443
	30	154
	30	155
	30	156
	30	157
	30	158
	30	159
	30	440
	30	441
	30	442
	30	443
	30	444
	30	445
	31	151
	31	152
	31	153
	31	154
	31	155
	31	156
	31	157
	31	442
	31	443
	31	444
	31	445
	31	446
	31	447
	31	448
	32	149
	32	150
	32	151
	32	152
	32	153
	32	154
	32	155
	32	444
	32	445
	32	446
	32	447
	32	448
	32	449
	32	450
	33	147
	33	148
	33	149
	33	150
	33	151
	33	152
	33	153
	33	446
	33	447
	33	448
	33	449
	33	450
	33	451
	33	452
	34	145
	34	146
	34	147
	34	148
	34	149
	34	150
	34	449
	34	450
	34	451
	34	452
	34	453
	34	454
	35	143
	35	144
	35	145
	35	146
	35	147
	35	148
	35	451
	35	452
	35	453
	35	454
	35	455
	35	456
	36	141
	36	142
	36	143
	36	144
	36	145
	36	146
	36	453
	36	454
	36	455
	36	456
	36	457
	36	458
	37	139
	37	140
	37	141
	37	142
	37	143
	37	144
	37	455
	37	456
	37	457
	37	458
	37	459
	37	460
	38	137
	38	138
	38	139
	38	140
	38	141
	38	142
	38	457
	38	458
	38	459
	38	460
	38	461
	38	462
	39	135
	39	136
	39	137
	39	138
	39	139
	39	140
	39	459
	39	460
	39	461
	39	462
	39	463
	39	464
	40	133
	40	134
	40	135
	40	136
	40	137
	40	138
	40	461
	40	462
	40	463
	40	464
	40	465
	40	466
	41	131
	41	132
	41	133
	41	134
	41	135
	41	136
	41	463
	41	464
	41	465
	41	466
	41	467
	41	468
	42	130
	42	131
	42	132
	42	133
	42	134
	42	465
	42	466
	42	467
	42	468
	42	469
	43	129
	43	130
	43	131
	43	132
	43	467
	43	468
	43	469
	43	470
	44	127
	44	128
	44	129
	44	130
	44	469
	44	470
	44	471
	44	472
	45	125
	45	126
	45	127
	45	128
	45	129
	45	470
	45	471
	45	472
	45	473
	45	474
	46	123
	46	124
	46	125
	46	126
	46	127
	46	128
	46	471
	46	472
	46	473
	46	474
	46	475
	46	476
	47	121
	47	122
	47	123
	47	124
	47	125
	47	126
	47	473
	47	474
	47	475
	47	476
}
BARRIER {
	47	477
	47	478
	48	120
	48	121
	48	122
	48	123
	48	124
	48	475
	48	476
	48	477
	48	478
	48	479
	49	118
	49	119
	49	120
	49	121
	49	122
	49	477
	49	478
	49	479
	49	480
	49	481
	50	115
	50	116
	50	117
	50	118
	50	119
	50	120
	50	479
	50	480
	50	481
	50	482
	50	483
	51	114
	51	115
	51	116
	51	117
	51	118
	51	119
	51	480
	51	481
	51	482
	51	483
	51	484
	51	485
	52	113
	52	114
	52	115
	52	116
	52	117
	52	482
	52	483
	52	484
	52	485
	52	486
	53	112
	53	113
	53	114
	53	484
	53	485
	53	486
	53	487
	53	488
	54	110
	54	111
	54	112
	54	113
	54	486
	54	487
	54	488
	54	489
	55	108
	55	109
	55	110
	55	111
	55	112
	55	487
	55	488
	55	489
	55	490
	55	491
	56	107
	56	108
	56	109
	56	110
	56	111
	56	489
	56	490
	56	491
	56	492
	57	106
	57	107
	57	108
	57	109
	57	490
	57	491
	57	492
	57	493
	58	105
	58	106
	58	107
	58	492
	58	493
	58	494
	59	103
	59	104
	59	105
	59	106
	59	493
	59	494
	59	495
	59	496
	60	102
	60	103
	60	104
	60	105
	60	494
	60	495
	60	496
	60	497
	61	101
	61	102
	61	103
	61	104
	61	495
	61	496
	61	497
	61	498
	62	99
	62	100
	62	101
	62	102
	62	497
	62	498
	62	499
	62	500
	63	98
	63	99
	63	100
	63	101
	63	498
	63	499
	63	500
	63	501
	64	97
	64	98
	64	99
	64	100
	64	499
	64	500
	64	501
	64	502
	65	95
	65	96
	65	97
	65	98
	65	501
	65	502
	65	503
	65	504
	66	94
	66	95
	66	96
	66	97
	66	502
	66	503
	66	504
	66	505
	67	93
	67	94
	67	95
	67	96
	67	503
	67	504
	67	505
	67	506
	68	91
	68	92
	68	93
	68	94
	68	505
	68	506
	68	507
	68	508
	69	90
	69	91
	69	92
	69	93
	69	506
	69	507
	69	508
	69	509
	70	89
	70	90
	70	91
	70	92
	70	507
	70	508
	70	509
	70	510
	71	87
	71	88
	71	89
	71	90
	71	509
	71	510
	71	511
	71	512
	72	86
	72	87
	72	88
	72	89
	72	510
	72	511
	72	512
	72	513
	73	85
	73	86
	73	87
	73	88
	73	511
	73	512
	73	513
	73	514
	74	84
	74	85
	74	86
	74	513
	74	514
	74	515
	75	83
	75	84
	75	85
	75	514
	75	515
	75	516
	76	82
	76	83
	76	84
	76	514
	76	515
	76	516
	77	81
	77	82
	77	83
	77	515
	77	516
	77	517
	78	80
	78	81
	78	82
	78	516
	78	517
	78	518
	78	519
	79	79
	79	80
	79	81
	79	517
	79	518
	79	519
	79	520
	80	77
	80	78
	80	79
	80	80
	80	518
	80	519
	80	520
	80	521
	80	522
	81	76
	81	77
	81	78
	81	79
	81	520
	81	521
	81	522
	81	523
	82	75
	82	76
	82	77
	82	78
	82	521
	82	522
	82	523
	82	524
	83	74
	83	75
	83	76
	83	523
	83	524
	83	525
	83	526
	84	73
	84	74
	84	75
	84	524
	84	525
	84	526
	84	527
	85	72
	85	73
	85	74
	85	525
	85	526
	86	71
	86	72
	86	73
	86	525
	86	526
	86	527
	87	70
	87	71
	87	72
	87	526
	87	527
	87	528
	88	69
	88	70
	88	71
	88	527
	88	528
	88	529
	88	530
	89	68
	89	69
	89	70
	89	71
	89	528
	89	529
	89	530
	89	531
	90	67
	90	68
	90	69
	90	70
	90	529
	90	530
	90	531
	90	532
	90	533
	91	66
	91	67
	91	68
	91	531
	91	532
	91	533
	91	534
	92	65
	92	66
	92	67
	92	532
	92	533
	93	64
	93	65
	93	66
	93	532
	93	533
	93	534
	94	63
	94	64
	94	65
	94	533
	94	534
	94	535
	95	62
	95	63
	95	64
	95	534
	95	535
	95	536
	96	62
	96	63
	96	64
	96	535
	96	536
	96	537
	97	61
	97	62
	97	63
	97	536
	97	537
	97	538
	98	60
	98	61
	98	62
	98	537
	98	538
	98	539
	99	59
	99	60
	99	61
	99	538
	99	539
	99	540
	100	58
	100	59
	100	60
	100	539
	100	540
	100	541
	101	57
	101	58
	101	59
	101	540
	101	541
	101	542
	102	56
	102	57
	102	58
	102	541
	102	542
	102	543
	103	55
	103	56
	103	57
	103	542
	103	543
	103	544
	104	54
	104	55
	104	56
	104	542
	104	543
	104	544
	105	53
	105	54
	105	55
	105	543
	105	544
	105	545
	106	52
	106	53
	106	54
	106	544
	106	545
	106	546
	107	52
	107	53
	107	54
	107	545
	107	546
	107	547
	108	51
	108	52
	108	53
	108	545
	108	546
	108	547
	109	50
	109	51
	109	52
	109	546
	109	547
	109	548
	110	49
	110	50
	110	51
	110	547
	110	548
	110	549
	111	49
	111	50
	111	51
	111	548
	111	549
	111	550
	112	48
	112	49
	112	50
	112	548
	112	549
	112	550
	113	47
	113	48
	113	49
	113	549
	113	550
	113	551
	114	46
	114	47
	114	48
	114	550
	114	551
	114	552
	115	46
	115	47
	115	48
	115	551
	115	552
	115	553
	116	45
	116	46
	116	47
	116	551
	116	552
	116	553
	117	44
	117	45
}
BARRIER {
	117	46
	117	552
	117	553
	117	554
	118	43
	118	44
	118	45
	118	553
	118	554
	118	555
	119	43
	119	44
	119	45
	119	554
	119	555
	119	556
	120	42
	120	43
	120	44
	120	554
	120	555
	120	556
	121	41
	121	42
	121	43
	121	555
	121	556
	121	557
	122	40
	122	41
	122	42
	122	556
	122	557
	122	558
	123	40
	123	41
	123	42
	123	557
	123	558
	123	559
	124	39
	124	40
	124	41
	124	557
	124	558
	124	559
	125	38
	125	39
	125	40
	125	558
	125	559
	125	560
	126	37
	126	38
	126	39
	126	559
	126	560
	126	561
	127	37
	127	38
	127	39
	127	560
	127	561
	127	562
	128	36
	128	37
	128	38
	128	560
	128	561
	128	562
	129	35
	129	36
	129	37
	129	561
	129	562
	129	563
	130	35
	130	36
	130	37
	130	561
	130	562
	130	563
	131	34
	131	35
	131	36
	131	562
	131	563
	131	564
	132	34
	132	35
	132	36
	132	563
	132	564
	132	565
	133	33
	133	34
	133	35
	133	563
	133	564
	133	565
	134	32
	134	33
	134	34
	134	564
	134	565
	134	566
	135	31
	135	32
	135	33
	135	565
	135	566
	135	567
	136	31
	136	32
	136	33
	136	566
	136	567
	136	568
	137	30
	137	31
	137	32
	137	566
	137	567
	137	568
	138	30
	138	31
	138	32
	138	567
	138	568
	138	569
	139	29
	139	30
	139	31
	139	567
	139	568
	139	569
	140	29
	140	30
	140	31
	140	568
	140	569
	140	570
	141	28
	141	29
	141	30
	141	568
	141	569
	141	570
	142	27
	142	28
	142	29
	142	569
	142	570
	142	571
	143	27
	143	28
	143	29
	143	569
	143	570
	143	571
	144	26
	144	27
	144	28
	144	570
	144	571
	144	572
	145	26
	145	27
	145	28
	145	571
	145	572
	145	573
	146	25
	146	26
	146	27
	146	571
	146	572
	146	573
	147	25
	147	26
	147	27
	147	572
	147	573
	147	574
	148	24
	148	25
	148	26
	148	572
	148	573
	148	574
	149	24
	149	25
	149	26
	149	573
	149	574
	149	575
	150	23
	150	24
	150	25
	150	573
	150	574
	150	575
	151	22
	151	23
	151	24
	151	574
	151	575
	151	576
	152	22
	152	23
	152	24
	152	574
	152	575
	152	576
	153	21
	153	22
	153	23
	153	575
	153	576
	153	577
	154	20
	154	21
	154	22
	154	576
	154	577
	154	578
	155	20
	155	21
	155	22
	155	576
	155	577
	155	578
	156	20
	156	21
	156	22
	156	576
	156	577
	156	578
	157	19
	157	20
	157	21
	157	577
	157	578
	157	579
	158	19
	158	20
	158	21
	158	577
	158	578
	158	579
	159	19
	159	20
	159	21
	159	578
	159	579
	159	580
	160	18
	160	19
	160	20
	160	578
	160	579
	160	580
	161	18
	161	19
	161	20
	161	579
	161	580
	161	581
	162	17
	162	18
	162	19
	162	579
	162	580
	162	581
	163	17
	163	18
	163	19
	163	580
	163	581
	163	582
	164	16
	164	17
	164	18
	164	580
	164	581
	164	582
	165	16
	165	17
	165	18
	165	580
	165	581
	165	582
	166	15
	166	16
	166	17
	166	581
	166	582
	166	583
	167	15
	167	16
	167	17
	167	581
	167	582
	167	583
	168	15
	168	16
	168	17
	168	582
	168	583
	168	584
	169	14
	169	15
	169	16
	169	582
	169	583
	169	584
	170	14
	170	15
	170	16
	170	582
	170	583
	170	584
	171	13
	171	14
	171	15
	171	583
	171	584
	171	585
	172	13
	172	14
	172	15
	172	583
	172	584
	172	585
	173	13
	173	14
	173	15
	173	584
	173	585
	173	586
	174	12
	174	13
	174	14
	174	584
	174	585
	174	586
	175	12
	175	13
	175	14
	175	584
	175	585
	175	586
	176	11
	176	12
	176	13
	176	585
	176	586
	176	587
	177	11
	177	12
	177	13
	177	585
	177	586
	177	587
	178	11
	178	12
	178	13
	178	586
	178	587
	178	588
	179	10
	179	11
	179	12
	179	586
	179	587
	179	588
	180	10
	180	11
	180	12
	180	586
	180	587
	180	588
	181	9
	181	10
	181	11
	181	587
	181	588
	181	589
	182	9
	182	10
	182	11
	182	587
	182	588
	182	589
	183	9
	183	10
	183	11
	183	588
	183	589
	183	590
	184	8
	184	9
	184	10
	184	588
	184	589
	184	590
	185	8
	185	9
	185	10
	185	588
	185	589
	185	590
	186	8
	186	9
	186	10
	186	588
	186	589
	186	590
	187	8
	187	9
	187	10
	187	588
	187	589
	187	590
	188	8
	188	9
	188	10
	188	589
	188	590
	188	591
	189	7
	189	8
	189	9
	189	589
	189	590
	189	591
	190	7
	190	8
	190	9
	190	589
	190	590
	190	591
	191	6
	191	7
	191	8
	191	590
	191	591
	191	592
	192	6
	192	7
	192	8
	192	590
	192	591
	192	592
	193	6
	193	7
	193	8
	193	591
	193	592
	193	593
	194	5
	194	6
	194	7
	194	591
	194	592
	194	593
	195	5
	195	6
	195	7
	195	591
	195	592
	195	593
	196	5
	196	6
	196	7
	196	591
	196	592
	196	593
	197	5
	197	6
	197	7
	197	591
	197	592
	197	593
	198	5
	198	6
	198	7
	198	592
	198	593
	198	594
	199	4
	199	5
	199	6
	199	592
	199	593
	199	594
	200	4
	200	5
	200	6
	200	592
}
BARRIER {
	200	593
	200	594
	201	4
	201	5
	201	6
	201	592
	201	593
	201	594
	202	4
	202	5
	202	6
	202	592
	202	593
	202	594
	203	4
	203	5
	203	6
	203	593
	203	594
	203	595
	204	3
	204	4
	204	5
	204	593
	204	594
	204	595
	205	3
	205	4
	205	5
	205	593
	205	594
	205	595
	206	3
	206	4
	206	5
	206	593
	206	594
	206	595
	207	3
	207	4
	207	5
	207	593
	207	594
	207	595
	208	3
	208	4
	208	5
	208	594
	208	595
	208	596
	209	2
	209	3
	209	4
	209	594
	209	595
	209	596
	210	2
	210	3
	210	4
	210	594
	210	595
	210	596
	211	2
	211	3
	211	4
	211	594
	211	595
	211	596
	212	2
	212	3
	212	4
	212	594
	212	595
	212	596
	213	2
	213	3
	213	4
	213	595
	213	596
	213	597
	214	1
	214	2
	214	3
	214	595
	214	596
	214	597
	215	1
	215	2
	215	3
	215	595
	215	596
	215	597
	216	1
	216	2
	216	3
	216	595
	216	596
	216	597
	217	1
	217	2
	217	3
	217	595
	217	596
	217	597
	218	1
	218	2
	218	3
	218	596
	218	597
	218	598
	219	0
	219	1
	219	2
	219	596
	219	597
	219	598
	220	0
	220	1
	220	2
	220	596
	220	597
	220	598
	221	0
	221	1
	221	2
	221	596
	221	597
	221	598
	222	0
	222	1
	222	2
	222	596
	222	597
	222	598
	223	0
	223	1
	223	2
	223	597
	223	598
	223	599
	224	0
	224	1
	224	2
	224	597
	224	598
	224	599
	225	0
	225	1
	225	2
	225	597
	225	598
	225	599
	226	0
	226	1
	226	2
	226	597
	226	598
	226	599
	227	0
	227	1
	227	2
	227	597
	227	598
	227	599
	228	0
	228	1
	228	2
	228	597
	228	598
	228	599
	229	0
	229	1
	229	2
	229	597
	229	598
	229	599
	230	0
	230	1
	230	597
	230	598
	230	599
	231	0
	231	1
	231	597
	231	598
	231	599
	232	0
	232	1
	232	597
	232	598
	232	599
	233	0
	233	1
	233	597
	233	598
	233	599
	234	0
	234	1
	234	598
	234	599
	235	0
	235	1
	235	598
	235	599
	236	0
	236	1
	236	598
	236	599
	237	0
	237	1
	237	598
	237	599
	238	0
	238	1
	238	598
	238	599
	239	0
	239	1
	239	598
	239	599
	240	0
	240	1
	240	598
	240	599
	241	0
	241	1
	241	598
	241	599
	242	0
	242	1
	242	598
	242	599
	243	0
	243	1
	243	598
	243	599
	244	0
	244	1
	244	598
	244	599
	245	0
	245	1
	245	598
	245	599
	246	0
	246	1
	246	598
	246	599
	247	0
	247	1
	247	598
	247	599
	248	0
	248	1
	248	598
	248	599
	249	0
	249	1
	249	598
	249	599
	250	0
	250	1
	250	599
	251	0
	251	1
	251	598
	251	599
	252	0
	252	1
	252	598
	252	599
	253	0
	253	1
	253	598
	253	599
	254	0
	254	1
	254	598
	254	599
	255	0
	255	1
	255	598
	255	599
	256	0
	256	1
	256	598
	256	599
	257	0
	257	1
	257	598
	257	599
	258	0
	258	1
	258	598
	258	599
	259	0
	259	1
	259	598
	259	599
	260	0
	260	1
	260	598
	260	599
	261	0
	261	1
	261	598
	261	599
	262	0
	262	1
	262	598
	262	599
	263	0
	263	1
	263	598
	263	599
	264	0
	264	1
	264	598
	264	599
	265	0
	265	1
	265	598
	265	599
	266	0
	266	1
	266	597
	266	598
	266	599
	267	0
	267	1
	267	597
	267	598
	267	599
	268	0
	268	1
	268	597
	268	598
	268	599
	269	0
	269	1
	269	597
	269	598
	269	599
	270	0
	270	1
	270	2
	270	597
	270	598
	270	599
	271	0
	271	1
	271	2
	271	597
	271	598
	271	599
	272	0
	272	1
	272	2
	272	597
	272	598
	272	599
	273	0
	273	1
	273	2
	273	597
	273	598
	273	599
	274	0
	274	1
	274	2
	274	597
	274	598
	274	599
	275	0
	275	1
	275	2
	275	597
	275	598
	275	599
	276	0
	276	1
	276	2
	276	597
	276	598
	276	599
	277	0
	277	1
	277	2
	277	596
	277	597
	277	598
	278	0
	278	1
	278	2
	278	596
	278	597
	278	598
	279	0
	279	1
	279	2
	279	596
	279	597
	279	598
	280	0
	280	1
	280	2
	280	596
	280	597
	280	598
	281	1
	281	2
	281	3
	281	596
	281	597
	281	598
	282	1
	282	2
	282	3
	282	595
	282	596
	282	597
	283	1
	283	2
	283	3
	283	595
	283	596
	283	597
	284	1
	284	2
	284	3
	284	595
	284	596
	284	597
	285	1
	285	2
	285	3
	285	595
	285	596
	285	597
	286	2
	286	3
	286	4
	286	595
	286	596
	286	597
	287	2
	287	3
	287	4
	287	594
	287	595
	287	596
	288	2
	288	3
	288	4
	288	594
	288	595
	288	596
	289	2
	289	3
	289	4
	289	594
	289	595
	289	596
	290	2
	290	3
	290	4
	290	594
	290	595
	290	596
	291	3
	291	4
	291	5
	291	594
	291	595
	291	596
	292	3
	292	4
	292	5
	292	593
	292	594
	292	595
	293	3
	293	4
	293	5
	293	593
	293	594
	293	595
	294	3
	294	4
	294	5
	294	593
	294	594
	294	595
	295	3
	295	4
	295	5
	295	593
	295	594
	295	595
	296	4
}
BARRIER {
	296	5
	296	6
	296	593
	296	594
	296	595
	297	4
	297	5
	297	6
	297	592
	297	593
	297	594
	298	4
	298	5
	298	6
	298	592
	298	593
	298	594
	299	4
	299	5
	299	6
	299	592
	299	593
	299	594
	300	4
	300	5
	300	6
	300	592
	300	593
	300	594
	301	5
	301	6
	301	7
	301	592
	301	593
	301	594
	302	5
	302	6
	302	7
	302	591
	302	592
	302	593
	303	5
	303	6
	303	7
	303	591
	303	592
	303	593
	304	5
	304	6
	304	7
	304	591
	304	592
	304	593
	305	5
	305	6
	305	7
	305	591
	305	592
	305	593
	306	6
	306	7
	306	8
	306	591
	306	592
	306	593
	307	6
	307	7
	307	8
	307	590
	307	591
	307	592
	308	6
	308	7
	308	8
	308	590
	308	591
	308	592
	309	7
	309	8
	309	9
	309	589
	309	590
	309	591
	310	7
	310	8
	310	9
	310	589
	310	590
	310	591
	311	8
	311	9
	311	10
	311	589
	311	590
	311	591
	312	8
	312	9
	312	10
	312	588
	312	589
	312	590
	313	8
	313	9
	313	10
	313	588
	313	589
	313	590
	314	8
	314	9
	314	10
	314	588
	314	589
	314	590
	315	8
	315	9
	315	10
	315	588
	315	589
	315	590
	316	9
	316	10
	316	11
	316	588
	316	589
	316	590
	317	9
	317	10
	317	11
	317	587
	317	588
	317	589
	318	9
	318	10
	318	11
	318	587
	318	588
	318	589
	319	10
	319	11
	319	12
	319	586
	319	587
	319	588
	320	10
	320	11
	320	12
	320	586
	320	587
	320	588
	321	11
	321	12
	321	13
	321	586
	321	587
	321	588
	322	11
	322	12
	322	13
	322	585
	322	586
	322	587
	323	11
	323	12
	323	13
	323	585
	323	586
	323	587
	324	12
	324	13
	324	14
	324	584
	324	585
	324	586
	325	12
	325	13
	325	14
	325	584
	325	585
	325	586
	326	13
	326	14
	326	15
	326	584
	326	585
	326	586
	327	13
	327	14
	327	15
	327	583
	327	584
	327	585
	328	13
	328	14
	328	15
	328	583
	328	584
	328	585
	329	14
	329	15
	329	16
	329	582
	329	583
	329	584
	330	14
	330	15
	330	16
	330	582
	330	583
	330	584
	331	15
	331	16
	331	17
	331	582
	331	583
	331	584
	332	15
	332	16
	332	17
	332	581
	332	582
	332	583
	333	15
	333	16
	333	17
	333	581
	333	582
	333	583
	334	16
	334	17
	334	18
	334	580
	334	581
	334	582
	335	16
	335	17
	335	18
	335	580
	335	581
	335	582
	336	17
	336	18
	336	19
	336	580
	336	581
	336	582
	337	17
	337	18
	337	19
	337	579
	337	580
	337	581
	338	18
	338	19
	338	20
	338	579
	338	580
	338	581
	339	18
	339	19
	339	20
	339	578
	339	579
	339	580
	340	19
	340	20
	340	21
	340	578
	340	579
	340	580
	341	19
	341	20
	341	21
	341	577
	341	578
	341	579
	342	19
	342	20
	342	21
	342	577
	342	578
	342	579
	343	20
	343	21
	343	22
	343	576
	343	577
	343	578
	344	20
	344	21
	344	22
	344	576
	344	577
	344	578
	345	21
	345	22
	345	23
	345	576
	345	577
	345	578
	346	21
	346	22
	346	23
	346	575
	346	576
	346	577
	347	22
	347	23
	347	24
	347	574
	347	575
	347	576
	348	22
	348	23
	348	24
	348	574
	348	575
	348	576
	349	23
	349	24
	349	25
	349	573
	349	574
	349	575
	350	24
	350	25
	350	26
	350	573
	350	574
	350	575
	351	24
	351	25
	351	26
	351	572
	351	573
	351	574
	352	25
	352	26
	352	27
	352	572
	352	573
	352	574
	353	25
	353	26
	353	27
	353	571
	353	572
	353	573
	354	26
	354	27
	354	28
	354	571
	354	572
	354	573
	355	26
	355	27
	355	28
	355	570
	355	571
	355	572
	356	27
	356	28
	356	29
	356	569
	356	570
	356	571
	357	27
	357	28
	357	29
	357	569
	357	570
	357	571
	358	28
	358	29
	358	30
	358	568
	358	569
	358	570
	359	29
	359	30
	359	31
	359	568
	359	569
	359	570
	360	29
	360	30
	360	31
	360	567
	360	568
	360	569
	361	30
	361	31
	361	32
	361	567
	361	568
	361	569
	362	30
	362	31
	362	32
	362	566
	362	567
	362	568
	363	31
	363	32
	363	33
	363	566
	363	567
	363	568
	364	31
	364	32
	364	33
	364	565
	364	566
	364	567
	365	32
	365	33
	365	34
	365	564
	365	565
	365	566
	366	33
	366	34
	366	35
	366	563
	366	564
	366	565
	367	34
	367	35
	367	36
	367	563
	367	564
	367	565
	368	34
	368	35
	368	36
	368	562
	368	563
	368	564
	369	35
	369	36
	369	37
	369	561
	369	562
	369	563
	370	35
	370	36
	370	37
	370	561
	370	562
	370	563
	371	36
	371	37
	371	38
	371	560
	371	561
	371	562
	372	37
	372	38
	372	39
	372	560
	372	561
	372	562
	373	37
	373	38
	373	39
	373	559
	373	560
	373	561
	374	38
	374	39
	374	40
	374	558
	374	559
	374	560
	375	39
	375	40
	375	41
	375	557
	375	558
	375	559
	376	40
	376	41
	376	42
	376	557
	376	558
	376	559
	377	40
	377	41
	377	42
	377	556
	377	557
	377	558
	378	41
	378	42
	378	43
	378	555
	378	556
	378	557
	379	42
	379	43
	379	44
}
BARRIER {
	379	554
	379	555
	379	556
	380	43
	380	44
	380	45
	380	554
	380	555
	380	556
	381	43
	381	44
	381	45
	381	553
	381	554
	381	555
	382	44
	382	45
	382	46
	382	552
	382	553
	382	554
	383	45
	383	46
	383	47
	383	551
	383	552
	383	553
	384	46
	384	47
	384	48
	384	551
	384	552
	384	553
	385	46
	385	47
	385	48
	385	550
	385	551
	385	552
	386	47
	386	48
	386	49
	386	549
	386	550
	386	551
	387	48
	387	49
	387	50
	387	548
	387	549
	387	550
	388	49
	388	50
	388	51
	388	548
	388	549
	388	550
	389	49
	389	50
	389	51
	389	547
	389	548
	389	549
	390	50
	390	51
	390	52
	390	546
	390	547
	390	548
	391	51
	391	52
	391	53
	391	545
	391	546
	391	547
	392	52
	392	53
	392	54
	392	545
	392	546
	392	547
	393	52
	393	53
	393	54
	393	544
	393	545
	393	546
	394	53
	394	54
	394	55
	394	543
	394	544
	394	545
	395	54
	395	55
	395	56
	395	542
	395	543
	395	544
	396	55
	396	56
	396	57
	396	542
	396	543
	396	544
	397	56
	397	57
	397	58
	397	541
	397	542
	397	543
	398	57
	398	58
	398	59
	398	540
	398	541
	398	542
	399	58
	399	59
	399	60
	399	539
	399	540
	399	541
	400	59
	400	60
	400	61
	400	538
	400	539
	400	540
	401	60
	401	61
	401	62
	401	537
	401	538
	401	539
	402	61
	402	62
	402	63
	402	536
	402	537
	402	538
	403	62
	403	63
	403	64
	403	535
	403	536
	403	537
	404	62
	404	63
	404	64
	404	534
	404	535
	404	536
	405	63
	405	64
	405	65
	405	533
	405	534
	405	535
	406	64
	406	65
	406	66
	406	67
	406	532
	406	533
	406	534
	407	65
	407	66
	407	67
	407	68
	407	531
	407	532
	407	533
	407	534
	408	66
	408	67
	408	68
	408	69
	408	529
	408	530
	408	531
	408	532
	408	533
	409	68
	409	69
	409	70
	409	528
	409	529
	409	530
	409	531
	410	69
	410	70
	410	71
	410	528
	410	529
	410	530
	411	69
	411	70
	411	71
	411	527
	411	528
	411	529
	412	70
	412	71
	412	72
	412	526
	412	527
	412	528
	413	71
	413	72
	413	73
	413	74
	413	525
	413	526
	413	527
	414	72
	414	73
	414	74
	414	75
	414	524
	414	525
	414	526
	414	527
	415	73
	415	74
	415	75
	415	76
	415	523
	415	524
	415	525
	415	526
	416	75
	416	76
	416	77
	416	78
	416	521
	416	522
	416	523
	416	524
	417	76
	417	77
	417	78
	417	79
	417	520
	417	521
	417	522
	417	523
	418	77
	418	78
	418	79
	418	80
	418	519
	418	520
	418	521
	418	522
	419	79
	419	80
	419	81
	419	518
	419	519
	419	520
	420	80
	420	81
	420	82
	420	517
	420	518
	420	519
	421	80
	421	81
	421	82
	421	516
	421	517
	421	518
	422	81
	422	82
	422	83
	422	84
	422	515
	422	516
	422	517
	423	82
	423	83
	423	84
	423	85
	423	514
	423	515
	423	516
	424	83
	424	84
	424	85
	424	86
	424	513
	424	514
	424	515
	424	516
	425	85
	425	86
	425	87
	425	88
	425	511
	425	512
	425	513
	425	514
	425	515
	426	86
	426	87
	426	88
	426	89
	426	510
	426	511
	426	512
	426	513
	427	87
	427	88
	427	89
	427	90
	427	509
	427	510
	427	511
	427	512
	428	89
	428	90
	428	91
	428	92
	428	507
	428	508
	428	509
	428	510
	429	90
	429	91
	429	92
	429	93
	429	506
	429	507
	429	508
	429	509
	430	91
	430	92
	430	93
	430	94
	430	505
	430	506
	430	507
	430	508
	431	93
	431	94
	431	95
	431	96
	431	503
	431	504
	431	505
	431	506
	432	94
	432	95
	432	96
	432	97
	432	502
	432	503
	432	504
	432	505
	433	95
	433	96
	433	97
	433	98
	433	501
	433	502
	433	503
	433	504
	434	97
	434	98
	434	99
	434	100
	434	499
	434	500
	434	501
	434	502
	435	98
	435	99
	435	100
	435	101
	435	498
	435	499
	435	500
	435	501
	436	99
	436	100
	436	101
	436	102
	436	497
	436	498
	436	499
	436	500
	437	101
	437	102
	437	103
	437	495
	437	496
	437	497
	437	498
	438	102
	438	103
	438	104
	438	494
	438	495
	438	496
	438	497
	439	103
	439	104
	439	105
	439	494
	439	495
	439	496
	440	104
	440	105
	440	106
	440	493
	440	494
	440	495
	441	105
	441	106
	441	107
	441	108
	441	491
	441	492
	441	493
	441	494
	442	106
	442	107
	442	108
	442	109
	442	110
	442	489
	442	490
	442	491
	442	492
	442	493
	443	107
	443	108
	443	109
	443	110
	443	111
	443	112
	443	487
	443	488
	443	489
	443	490
	443	491
	443	492
	444	109
	444	110
	444	111
	444	112
	444	113
	444	486
	444	487
	444	488
	444	489
	444	490
	445	111
	445	112
	445	113
	445	114
	445	485
	445	486
	445	487
	445	488
	446	113
	446	114
	446	115
	446	116
	446	483
	446	484
	446	485
	446	486
	447	114
	447	115
	447	116
	447	117
	447	118
	447	481
	447	482
	447	483
	447	484
	447	485
	448	115
	448	116
	448	117
	448	118
	448	119
	448	120
	448	479
	448	480
	448	481
	448	482
	448	483
	448	484
	449	117
	449	118
	449	119
	449	120
}
BARRIER {
	449	121
	449	122
	449	477
	449	478
	449	479
	449	480
	449	481
	449	482
	450	119
	450	120
	450	121
	450	122
	450	123
	450	476
	450	477
	450	478
	450	479
	450	480
	451	121
	451	122
	451	123
	451	124
	451	125
	451	474
	451	475
	451	476
	451	477
	451	478
	452	123
	452	124
	452	125
	452	126
	452	127
	452	128
	452	472
	452	473
	452	474
	452	475
	452	476
	453	124
	453	125
	453	126
	453	127
	453	128
	453	129
	453	470
	453	471
	453	472
	453	473
	453	474
	453	475
	454	126
	454	127
	454	128
	454	129
	454	130
	454	469
	454	470
	454	471
	454	472
	454	473
	455	129
	455	130
	455	131
	455	467
	455	468
	455	469
	455	470
	455	471
	456	130
	456	131
	456	132
	456	133
	456	466
	456	467
	456	468
	456	469
	457	131
	457	132
	457	133
	457	134
	457	135
	457	464
	457	465
	457	466
	457	467
	457	468
	458	132
	458	133
	458	134
	458	135
	458	136
	458	137
	458	462
	458	463
	458	464
	458	465
	458	466
	459	134
	459	135
	459	136
	459	137
	459	138
	459	139
	459	460
	459	461
	459	462
	459	463
	459	464
	459	465
	460	136
	460	137
	460	138
	460	139
	460	140
	460	141
	460	458
	460	459
	460	460
	460	461
	460	462
	460	463
	461	138
	461	139
	461	140
	461	141
	461	142
	461	143
	461	456
	461	457
	461	458
	461	459
	461	460
	461	461
	462	140
	462	141
	462	142
	462	143
	462	144
	462	145
	462	454
	462	455
	462	456
	462	457
	462	458
	462	459
	463	142
	463	143
	463	144
	463	145
	463	146
	463	147
	463	452
	463	453
	463	454
	463	455
	463	456
	463	457
	464	144
	464	145
	464	146
	464	147
	464	148
	464	149
	464	150
	464	449
	464	450
	464	451
	464	452
	464	453
	464	454
	464	455
	465	146
	465	147
	465	148
	465	149
	465	150
	465	151
	465	152
	465	447
	465	448
	465	449
	465	450
	465	451
	465	452
	465	453
	466	148
	466	149
	466	150
	466	151
	466	152
	466	153
	466	154
	466	445
	466	446
	466	447
	466	448
	466	449
	466	450
	466	451
	467	151
	467	152
	467	153
	467	154
	467	155
	467	156
	467	443
	467	444
	467	445
	467	446
	467	447
	467	448
	468	153
	468	154
	468	155
	468	156
	468	157
	468	158
	468	441
	468	442
	468	443
	468	444
	468	445
	468	446
	469	155
	469	156
	469	157
	469	158
	469	159
	469	160
	469	439
	469	440
	469	441
	469	442
	469	443
	469	444
	470	157
	470	158
	470	159
	470	160
	470	161
	470	162
	470	437
	470	438
	470	439
	470	440
	470	441
	470	442
	471	159
	471	160
	471	161
	471	162
	471	163
	471	164
	471	435
	471	436
	471	437
	471	438
	471	439
	471	440
	472	161
	472	162
	472	163
	472	164
	472	165
	472	166
	472	433
	472	434
	472	435
	472	436
	472	437
	472	438
	473	163
	473	164
	473	165
	473	166
	473	167
	473	168
	473	431
	473	432
	473	433
	473	434
	473	435
	473	436
	474	165
	474	166
	474	167
	474	168
	474	169
	474	170
	474	171
	474	172
	474	173
	474	426
	474	427
	474	428
	474	429
	474	430
	474	431
	474	432
	474	433
	474	434
	475	167
	475	168
	475	169
	475	170
	475	171
	475	172
	475	173
	475	174
	475	175
	475	424
	475	425
	475	426
	475	427
	475	428
	475	429
	475	430
	475	431
	475	432
	476	169
	476	170
	476	171
	476	172
	476	173
	476	174
	476	175
	476	176
	476	177
	476	422
	476	423
	476	424
	476	425
	476	426
	476	427
	476	428
	476	429
	476	430
	477	174
	477	175
	477	176
	477	177
	477	178
	477	179
	477	420
	477	421
	477	422
	477	423
	477	424
	477	425
	478	176
	478	177
	478	178
	478	179
	478	180
	478	181
	478	418
	478	419
	478	420
	478	421
	478	422
	478	423
	479	178
	479	179
	479	180
	479	181
	479	182
	479	183
	479	184
	479	185
	479	186
	479	413
	479	414
	479	415
	479	416
	479	417
	479	418
	479	419
	479	420
	479	421
	480	180
	480	181
	480	182
	480	183
	480	184
	480	185
	480	186
	480	187
	480	188
	480	411
	480	412
	480	413
	480	414
	480	415
	480	416
	480	417
	480	418
	480	419
	481	182
	481	183
	481	184
	481	185
	481	186
	481	187
	481	188
	481	189
	481	190
	481	409
	481	410
	481	411
	481	412
	481	413
	481	414
	481	415
	481	416
	481	417
	482	187
	482	188
	482	189
	482	190
	482	191
	482	192
	482	193
	482	194
	482	405
	482	406
	482	407
	482	408
	482	409
	482	410
	482	411
	482	412
	483	189
	483	190
	483	191
	483	192
	483	193
	483	194
	483	195
	483	196
	483	197
	483	198
	483	401
	483	402
	483	403
	483	404
	483	405
	483	406
	483	407
	483	408
	483	409
	483	410
	484	191
	484	192
	484	193
	484	194
	484	195
	484	196
	484	197
	484	198
	484	199
	484	200
	484	201
	484	202
	484	203
	484	396
	484	397
	484	398
	484	399
	484	400
	484	401
	484	402
	484	403
	484	404
	484	405
	484	406
	484	407
	484	408
	485	195
	485	196
	485	197
	485	198
	485	199
	485	200
	485	201
	485	202
	485	203
	485	204
	485	205
	485	394
	485	395
	485	396
	485	397
	485	398
	485	399
	485	400
	485	401
	485	402
	485	403
	485	404
}
BARRIER {
	486	199
	486	200
	486	201
	486	202
	486	203
	486	204
	486	205
	486	206
	486	207
	486	392
	486	393
	486	394
	486	395
	486	396
	486	397
	486	398
	486	399
	486	400
	487	204
	487	205
	487	206
	487	207
	487	208
	487	209
	487	210
	487	211
	487	388
	487	389
	487	390
	487	391
	487	392
	487	393
	487	394
	487	395
	488	206
	488	207
	488	208
	488	209
	488	210
	488	211
	488	212
	488	213
	488	214
	488	215
	488	216
	488	383
	488	384
	488	385
	488	386
	488	387
	488	388
	488	389
	488	390
	488	391
	488	392
	488	393
	489	208
	489	209
	489	210
	489	211
	489	212
	489	213
	489	214
	489	215
	489	216
	489	217
	489	218
	489	219
	489	220
	489	379
	489	380
	489	381
	489	382
	489	383
	489	384
	489	385
	489	386
	489	387
	489	388
	489	389
	489	390
	489	391
	490	212
	490	213
	490	214
	490	215
	490	216
	490	217
	490	218
	490	219
	490	220
	490	221
	490	222
	490	223
	490	224
	490	375
	490	376
	490	377
	490	378
	490	379
	490	380
	490	381
	490	382
	490	383
	490	384
	490	385
	490	386
	490	387
	491	217
	491	218
	491	219
	491	220
	491	221
	491	222
	491	223
	491	224
	491	225
	491	226
	491	227
	491	228
	491	229
	491	370
	491	371
	491	372
	491	373
	491	374
	491	375
	491	376
	491	377
	491	378
	491	379
	491	380
	491	381
	491	382
	492	221
	492	222
	492	223
	492	224
	492	225
	492	226
	492	227
	492	228
	492	229
	492	230
	492	231
	492	232
	492	233
	492	234
	492	235
	492	236
	492	237
	492	362
	492	363
	492	364
	492	365
	492	366
	492	367
	492	368
	492	369
	492	370
	492	371
	492	372
	492	373
	492	374
	492	375
	492	376
	492	377
	492	378
	493	225
	493	226
	493	227
	493	228
	493	229
	493	230
	493	231
	493	232
	493	233
	493	234
	493	235
	493	236
	493	237
	493	238
	493	239
	493	240
	493	241
	493	242
	493	357
	493	358
	493	359
	493	360
	493	361
	493	362
	493	363
	493	364
	493	365
	493	366
	493	367
	493	368
	493	369
	493	370
	493	371
	493	372
	493	373
	493	374
	494	230
	494	231
	494	232
	494	233
	494	234
	494	235
	494	236
	494	237
	494	238
	494	239
	494	240
	494	241
	494	242
	494	243
	494	244
	494	245
	494	246
	494	353
	494	354
	494	355
	494	356
	494	357
	494	358
	494	359
	494	360
	494	361
	494	362
	494	363
	494	364
	494	365
	494	366
	494	367
	494	368
	494	369
	495	238
	495	239
	495	240
	495	241
	495	242
	495	243
	495	244
	495	245
	495	246
	495	247
	495	248
	495	249
	495	250
	495	251
	495	252
	495	253
	495	254
	495	255
	495	344
	495	345
	495	346
	495	347
	495	348
	495	349
	495	350
	495	351
	495	352
	495	353
	495	354
	495	355
	495	356
	495	357
	495	358
	495	359
	495	360
	495	361
	496	243
	496	244
	496	245
	496	246
	496	247
	496	248
	496	249
	496	250
	496	251
	496	252
	496	253
	496	254
	496	255
	496	256
	496	257
	496	258
	496	259
	496	260
	496	261
	496	262
	496	263
	496	264
	496	335
	496	336
	496	337
	496	338
	496	339
	496	340
	496	341
	496	342
	496	343
	496	344
	496	345
	496	346
	496	347
	496	348
	496	349
	496	350
	496	351
	496	352
	496	353
	496	354
	496	355
	496	356
	497	247
	497	248
	497	249
	497	250
	497	251
	497	252
	497	253
	497	254
	497	255
	497	256
	497	257
	497	258
	497	259
	497	260
	497	261
	497	262
	497	263
	497	264
	497	265
	497	266
	497	267
	497	268
	497	269
	497	270
	497	271
	497	272
	497	327
	497	328
	497	329
	497	330
	497	331
	497	332
	497	333
	497	334
	497	335
	497	336
	497	337
	497	338
	497	339
	497	340
	497	341
	497	342
	497	343
	497	344
	497	345
	497	346
	497	347
	497	348
	497	349
	497	350
	497	351
	497	352
	498	256
	498	257
	498	258
	498	259
	498	260
	498	261
	498	262
	498	263
	498	264
	498	265
	498	266
	498	267
	498	268
	498	269
	498	270
	498	271
	498	272
	498	273
	498	274
	498	275
	498	276
	498	277
	498	278
	498	279
	498	280
	498	281
	498	282
	498	283
	498	284
	498	285
	498	286
	498	287
	498	288
	498	289
	498	290
	498	291
	498	292
	498	293
	498	294
	498	295
	498	296
	498	297
	498	298
	498	301
	498	302
	498	303
	498	304
	498	305
	498	306
	498	307
	498	308
	498	309
	498	310
	498	311
	498	312
	498	313
	498	314
	498	315
	498	316
	498	317
	498	318
	498	319
	498	320
	498	321
	498	322
	498	323
	498	324
	498	325
	498	326
	498	327
	498	328
	498	329
	498	330
	498	331
	498	332
	498	333
	498	334
	498	335
	498	336
	498	337
	498	338
	498	339
	498	340
	498	341
	498	342
	498	343
	499	265
	499	266
	499	267
	499	268
	499	269
	499	270
	499	271
	499	272
	499	273
	499	274
	499	275
	499	276
	499	277
	499	278
	499	279
	499	280
	499	281
	499	282
	499	283
	499	284
	499	285
	499	286
	499	287
	499	288
	499	289
	499	290
	499	291
	499	292
	499	293
	499	294
	499	295
	499	296
	499	297
	499	298
	499	299
	499	300
	499	301
	499	302
	499	303
	499	304
	499	305
	499	306
	499	307
	499	308
}
BARRIER {
	499	309
	499	310
	499	311
	499	312
	499	313
	499	314
	499	315
	499	316
	499	317
	499	318
	499	319
	499	320
	499	321
	499	322
	499	323
	499	324
	499	325
	499	326
	499	327
	499	328
	499	329
	499	330
	499	331
	499	332
	499	333
	499	334
}

KEYLIST "HadStrain0" "Y"

ORGANIC {
}

ORGANISM 1 0 0 0 0 0 50000 0
  {  # program
	"main:"
	"{"
	"      1  call  7  NEAREST  2dup  EAT  pop  OMOVE  pop  1  ?loop "
	"}"
	""
	"row1:"
	"{"
	"      ENERGY  4  /  R0!  15  FARTHEST  2dup  R0  MAKE-SPORE  pop  R0  MAKE-SPORE"
	"      pop  2  NEAREST  2negate  2dup  OMOVE  pop  OMOVE  pop "
	"}"
  }

CELL 1 250 300
	0 0
	0 0 0
	{ 0 0 0 0 0
	  0 0 0 0 0 }
	{
	}
	{
	}

