533766
195751
533401
530422
375172
520138
518858
383961
510018
524805
518916
515912
521835
520545
363330
517914
497129
507619
534340
364520
485846
485866
488750
524047
503393
475817
490453
493398
322922
521737
346772
322903
334957
344563
524639
486288
527586
530466
518915
339743
464335
479211
520440
336295
473366
317152
532235
511919
509115
333852
369378
319457
514766
338650
318403
533720
320696
513464
525027
320694
320663
350758
313657
466213
318391
311333
530805
511891
515100
517886
525793
523734
324475
314994
523781
512236
314993
528611
317369
503660
529515
520194
529584
532539
312608
532499
534277
532471
312630
523009
467818
506436
375215
517338
500976
531457
526637
526636
326924
514622
319681
514719
509147
320923
320919
495941
494009
534085
516682
513780
534086
525411
533929
519403
309215
316277
519553
304575
304555
491133
508073
502541
346130
469583
302280
316251
502489
490153
466620
336292
306861
306870
493032
531190
531189
313887
306913
306890
313920
511007
522489
522488
343683
522470
528255
525382
496856
524079
312822
312813
459570
521266
489968
483006
529878
332751
484262
521217
532097
298981
487028
487040
481470
481456
305821
310515
310480
512609
526989
526990
308172
478605
492762
492730
518214
518276
518275
515522
515500
515471
315169
516184
387133
532670
480206
482974
482981
468750
482992
331653
483010
480194
302459
286362
286380
531609
468798
514205
384441
478860
290986
474479
525699
284037
314153
528627
528615
531578
474492
389916
304761
502922
395518
485821
522825
389908
531598
395536
398332
398341
295589
295570
525735
319008
514150
290946
480199
293286
530087
334078
511387
293260
517010
534494
477317
511425
477343
471590
519977
517034
534543
465969
300169
481784
528787
325583
510059
510072
526402
372216
473262
521497
518661
510084
464703
527397
481768
527408
521687
524365
461854
280713
476078
473237
473252
481765
280733
513880
467503
287624
498765
531381
512888
533209
391173
374889
530602
533221
524490
512895
498805
470329
504494
519122
533208
478901
533198
533191
498832
493109
467480
507357
511426
516510
507313
507343
504484
526114
324412
491925
531943
491876
491875
522475
526095
486081
499877
526098
486230
504977
531985
500361
486211
500367
486260
511724
500368
486261
486210
503208
500387
500403
517334
531959
491850
503211
491866
277387
523194
463420
520264
365448
490997
512462
457854
457798
520279
321959
523187
368123
497536
483384
483405
497537
483410
483413
493920
476390
506017
497315
514977
520331
497548
471943
489082
506027
529027
502391
514523
494773
514527
497515
494731
497519
528956
528976
404508
489018
494711
489035
275167
275178
489034
494723
520262
508854
508865
508866
527723
521870
527704
511248
513359
465015
445535
499101
462195
493433
493439
493459
443286
478065
276054
499104
499099
363982
521916
521913
531378
476441
476470
493491
501981
508766
519020
518702
505792
518675
528784
439939
532165
482149
482147
519070
316023
530633
301478
496262
524794
496255
524764
267316
530645
487764
490608
487804
484906
487784
528012
496265
510491
482120
467799
490611
490629
487782
516216
269930
496261
486554
453513
489349
517690
517691
483708
532319
489352
317389
435974
456345
469432
456363
466621
506403
466622
263133
272807
272833
466628
506487
530221
485118
263169
478050
533218
480949
455438
455379
459185
492207
533206
314958
517747
533219
504955
307764
447776
277695
509295
512043
509265
512071
286256
452610
529335
261173
314992
458124
478019
458167
478103
460918
275220
509228
509230
500742
512096
463774
480918
514931
475178
495066
472333
495069
268542
447085
469420
449881
295412
514907
497875
312516
449842
497884
487613
270629
282772
485288
456916
490950
505169
423765
274187
264482
432260
278761
533898
493809
493811
459703
482476
499468
520022
301934
269673
426478
522967
426449
269339
485308
266860
522965
496662
445901
530996
337376
309069
531520
291817
471022
279146
284152
496711
502307
445846
468169
471113
276655
265427
434726
259809
525928
431964
508070
479533
473987
468248
508030
508029
438018
508018
508009
476791
528048
479636
429210
510832
510829
454176
510857
462533
479646
465337
432283
479627
281614
533901
476811
454170
462532
521636
486855
484032
501086
439082
484110
439113
268327
261201
461268
510327
511766
256470
433562
492557
303242
486851
492564
338439
467017
529708
441805
518088
303262
308041
433526
467046
274770
486850
495376
266692
495398
258832
447396
498270
514862
501074
265946
433515
495422
532671
436347
489718
458521
439227
444604
521195
462570
283093
520659
436290
469831
523975
310398
460108
494195
520365
497026
533067
470842
250895
520364
451730
485647
516867
443390
454521
448737
485653
482816
488463
531397
485654
460037
503410
280783
444154
485670
508663
531980
529312
534376
523379
526418
526435
432315
437863
468558
424047
272148
432308
462874
429555
432666
511606
531416
277076
255557
447018
284652
511092
446996
479200
517397
482815
525550
534294
480014
418635
426782
528474
528453
435084
287894
446226
426792
532393
269729
514379
446201
410621
267308
534110
442846
450564
534484
249956
464483
401543
458883
494509
447827
414685
510531
412109
425813
414678
417451
417438
398913
471797
412095
412086
456096
436653
531779
515631
499507
414726
447756
453303
526974
515636
478697
533021
406741
453380
428315
524285
526360
528128
428325
458846
258079
531122
439489
428392
502299
412118
499894
409426
464470
444966
496800
507855
481670
529612
398849
431142
263713
504516
502180
467353
527162
525092
534125
512731
510299
531070
505189
442199
460058
434326
456130
515832
440014
461620
470154
472510
260013
497253
461619
462944
524395
464190
461621
466980
422847
460404
427362
506121
485691
491678
477513
430281
400325
497981
361437
503097
491671
532852
248873
410656
438221
460395
506138
483149
432701
433115
449353
400321
370532
477530
389810
424607
373136
523860
483141
473985
331873
482769
246678
520864
432619
453151
508719
248962
387202
443766
514965
498290
532435
497381
488835
512001
329466
402980
416287
443765
429947
443764
514929
327033
505869
440997
405219
392399
440998
516912
441045
477547
511983
403012
405631
407942
471776
520113
479804
480379
458836
515002
471777
491549
418960
476889
485425
320103
529789
324622
367974
501250
435413
429901
433063
400388
474617
486020
503225
248961
509086
328262
475669
439761
522564
466793
448103
481904
475620
519545
496155
467671
496119
516580
519580
524883
448090
330754
439788
439753
500847
439762
431438
513075
525514
445340
501803
425944
504647
461978
445360
464859
236551
456406
456400
238819
238861
490475
498213
404446
462061
464885
464898
456481
502009
501999
499035
499056
431923
461979
531657
450857
450858
450864
391182
396552
527636
453647
434234
442528
507851
393891
442520
442515
453649
495705
417802
238562
477865
413896
500740
331342
514745
477316
233421
304890
489054
466489
224624
466409
530343
413871
424815
382367
475441
488600
485717
435813
333850
469270
430648
228953
503623
492027
435770
357905
506594
529140
497698
485124
503629
411273
530319
480757
497790
405954
500749
497781
480277
500748
408619
415998
468506
475442
523433
520509
463601
425064
463611
509481
427807
433007
533276
533278
392706
419249
231194
483226
355377
482491
459722
352855
360501
494895
494880
408620
476836
489220
526357
457952
527320
226723
527323
471383
391975
523406
456452
425014
494917
391519
502400
487969
520044
484821
421044
484895
517049
505355
529022
502179
517007
448480
484582
484844
399509
476593
388163
487842
473750
473196
487778
473225
422224
440113
404852
215129
449936
344116
420796
315806
440095
239246
391509
528974
532046
532016
513465
481970
244557
437317
339035
246814
470831
459544
221535
479530
426260
407494
452819
504958
431751
499503
434208
431754
429006
482349
240104
230264
410089
241545
487942
381303
514045
510681
451196
462363
442863
386344
510647
514071
423774
516319
487927
442847
402169
383817
523052
456750
490689
217291
237903
431207
476096
434553
388896
520059
465154
467991
485097
418087
461411
511186
341546
481972
404811
490816
490795
507840
445679
415402
507843
386388
465162
468014
388938
489482
489438
468961
457347
474845
214278
474842
490536
454461
227129
390396
452772
528908
522991
232638
387790
495286
507011
530344
433373
501146
475000
422613
507053
422620
390412
475373
495314
422640
506592
398364
507052
398383
385232
400983
468938
468932
377601
463913
530792
423788
500904
522962
228359
474794
318953
503703
483613
507119
501217
466045
480736
480717
416951
238284
486126
327733
509949
512812
486546
509877
414177
390382
375050
533727
515822
393096
414208
419638
321425
472350
414251
380157
466294
403598
417037
474819
525927
477778
531950
533745
492371
479985
492419
531966
380171
492446
504195
234759
512874
533798
419824
451559
441659
393152
419841
419843
431094
525947
238659
449986
408799
471802
498247
504133
471891
512207
477747
382668
403659
471860
323971
477764
477762
370006
236962
