1 0 0 0:[0]
2 1 1 1:[14, 304]
3 2 2 2:[29, 173]
4 3 3 3:[44, 928]
5 1 1 1:[55]
6 4 4 4:[59]
7 5 5 2:[70, 500]
8 6 6 5:[74, 189]
9 7 7 3:[85, 549]
10 8 8 6:[89, 204]
11 9 9 4:[100]
12 10 10 7:[104, 219]
13 5 5 2:[111, 626]
14 11 11 5:[115, 264]
15 12 12 8:[119, 234]
16 13 13 3:[126, 546]
17 14 14 6:[130, 238]
18 15 15 9:[134, 739]
19 16 16 4:[141, 571]
20 17 17 7:[145, 296]
21 18 18 10:[149, 360]
22 19 19 5:[156, 636]
23 20 20 8:[160, 251]
24 13 13 3:[167]
25 22 22 6:[171, 795]
26 23 23 9:[175, 352]
27 24 24 4:[182]
28 25 25 7:[186, 639]
30 26 26 10:[190, 281]
29 18 18 10:[190, 390]
31 27 27 5:[197, 660]
32 28 28 8:[201, 440]
34 29 29 11:[205, 291]
33 30 30 11:[205, 382]
35 31 31 6:[212, 231]
36 32 32 9:[216]
37 24 24 4:[223, 640]
38 35 35 7:[227, 629]
39 11 11 5:[228, 602]
40 36 36 10:[231, 265]
41 37 37 5:[238, 689]
42 38 38 8:[242, 449]
43 39 39 6:[243, 431]
44 20 20 8:[246, 261]
46 41 41 6:[253, 657]
45 31 31 6:[253, 618]
47 42 42 9:[257]
48 43 43 7:[258, 588]
49 48 48 8:[273, 584]
50 26 26 10:[276, 366]
51 37 37 5:[279]
52 38 38 8:[283, 707]
53 20 20 8:[287]
54 49 49 9:[288, 418]
55 50 50 11:[291, 587]
57 51 51 6:[294]
56 41 41 6:[294]
58 43 43 7:[299, 542]
59 33 33 12:[306]
61 57 57 7:[309]
60 45 45 7:[309, 381]
62 58 58 8:[314, 599]
63 26 26 10:[317, 580]
64 60 60 8:[324, 660]
65 62 62 9:[329]
66 63 63 11:[332, 681]
67 51 51 6:[335, 754]
68 36 36 10:[337, 800]
69 53 53 9:[343, 564]
70 56 56 7:[350, 674]
71 68 68 11:[352]
72 32 32 9:[357]
74 69 69 10:[358, 502]
73 1 1 1:[358]
75 72 72 10:[372, 813]
77 73 73 2:[373]
76 74 74 11:[373, 517]
78 71 55 12:[387, 570]
79 53 53 9:[388, 520]
80 68 68 11:[393]
81 78 78 13:[402, 483]
82 43 43 7:[406, 545]
84 59 59 13:[407, 611]
83 5 5 2:[407]
86 80 80 12:[408, 847]
85 71 71 12:[408]
87 72 72 10:[413, 445]
88 73 73 2:[414, 443]
89 81 81 14:[417, 958]
90 82 82 8:[421, 653]
92 83 83 3:[422, 451]
91 84 84 14:[422]
94 49 87 11:[423, 683]
93 86 86 13:[423, 898]
95 88 88 3:[429, 626]
96 89 89 15:[432, 875]
97 92 92 4:[437, 493]
98 93 93 14:[438, 489]
100 95 95 4:[444, 690]
99 79 79 10:[444, 621]
101 96 96 16:[447, 876]
102 80 80 12:[449, 495]
103 9 9 4:[451, 536]
104 98 98 15:[453, 865]
105 39 39 6:[454, 576]
106 100 100 5:[459, 459]
107 101 101 17:[462, 877]
108 83 83 3:[463, 552]
110 102 102 13:[464, 890]
109 85 85 13:[464, 918]
111 104 104 16:[468, 934]
112 58 58 8:[469, 605]
113 53 53 9:[474, 565]
114 107 107 18:[477, 892]
116 109 109 14:[479, 497]
115 110 110 14:[479]
117 48 48 8:[482, 855]
118 111 111 17:[483, 905]
119 95 95 4:[485, 719]
120 73 73 2:[486, 747]
121 96 96 16:[488, 903]
122 113 113 10:[489]
123 59 59 13:[493, 595]
124 115 115 15:[494]
125 117 117 9:[497, 632]
126 118 118 18:[498]
127 16 16 4:[499, 538]
129 119 119 5:[500, 529]
128 100 100 5:[500, 994]
130 121 121 17:[503, 918]
131 124 124 16:[509, 941]
132 105 105 7:[510, 594]
134 128 128 6:[515, 560]
133 129 129 6:[515, 559]
135 24 24 4:[519]
136 110 110 14:[520]
138 131 131 17:[524]
137 111 111 17:[524, 640]
139 132 132 8:[525, 531]
140 6 6 5:[527]
141 83 83 3:[528]
142 133 133 7:[530, 661]
143 135 135 5:[534, 563]
145 136 136 15:[535]
144 18 18 10:[535]
146 120 120 3:[542, 595]
147 141 141 4:[543, 696]
149 142 142 8:[545]
148 99 99 11:[545]
152 143 143 6:[549]
151 123 123 14:[549]
150 84 84 14:[549, 625]
153 145 145 16:[550, 898]
154 25 25 7:[551, 879]
155 128 128 6:[556, 851]
156 146 146 4:[557, 579]
157 53 53 9:[560, 898]
159 103 154 8:[561, 697]
158 105 105 7:[561, 661]
163 150 150 15:[564, 827]
162 152 152 7:[564, 612]
161 95 95 4:[564, 702]
160 91 91 15:[564]
164 155 155 7:[571, 682]
165 156 156 5:[572, 682]
166 135 135 5:[575, 652]
167 136 136 15:[576]
170 162 162 8:[579, 624]
169 100 100 5:[579, 741]
168 59 59 13:[579, 650]
171 140 140 6:[583, 738]
174 165 165 6:[587]
173 144 144 11:[587]
172 28 28 8:[587, 653]
175 69 168 14:[589, 612]
177 166 166 6:[590, 619]
176 122 122 11:[590]
178 45 45 7:[591]
181 169 169 6:[594, 723]
180 170 170 9:[594, 626]
179 84 84 14:[594, 632]
182 171 171 7:[598, 700]
185 172 172 9:[602, 696]
184 173 173 12:[602, 709]
183 174 174 7:[602, 643]
189 177 177 7:[605]
188 150 150 15:[605, 898]
187 152 152 7:[605, 785]
186 66 66 12:[605]
190 119 119 5:[606, 633]
191 154 154 8:[607]
192 91 91 15:[609, 741]
193 37 37 5:[610, 685]
194 182 182 8:[613]
196 184 184 13:[617, 732]
195 185 185 10:[617]
201 187 187 8:[620, 994]
200 188 188 16:[620, 668]
199 160 160 16:[620]
198 161 161 5:[620, 637]
197 120 41 6:[620, 815]
202 191 191 9:[622, 683]
203 192 192 16:[624]
204 193 193 6:[625, 630]
205 159 195 11:[627, 657]
206 166 166 6:[631]
210 198 198 6:[635, 756]
209 201 201 9:[635, 701]
208 169 169 6:[635, 642]
207 141 141 4:[635, 647]
213 203 203 17:[639]
212 173 173 12:[639]
211 171 171 7:[639]
214 52 52 9:[641, 693]
216 205 205 12:[642, 691]
215 174 174 7:[642, 726]
217 147 181 7:[645, 837]
218 148 148 12:[646, 811]
219 194 194 9:[649]
221 209 209 10:[650, 708]
220 91 91 15:[650, 741]
222 72 72 10:[653, 862]
225 211 211 8:[654, 743]
224 212 212 13:[654, 761]
223 182 182 8:[654, 694]
226 73 56 7:[655, 802]
227 216 216 13:[657, 767]
228 214 214 10:[658, 837]
229 187 187 8:[661]
232 220 220 16:[665, 842]
231 192 192 16:[665, 756]
230 160 160 16:[665, 695]
233 222 222 11:[668, 925]
236 223 223 9:[669]
235 224 224 14:[669]
234 196 196 14:[669]
237 227 227 14:[672, 837]
239 195 195 11:[673, 712]
238 51 51 6:[673, 746]
241 228 228 11:[675]
240 199 203 17:[675, 807]
244 229 229 9:[676, 686]
243 197 197 7:[676, 739]
242 201 201 9:[676, 787]
246 231 231 17:[680, 852]
245 232 232 17:[680, 898]
247 165 165 6:[681, 855]
248 234 234 15:[684]
250 206 206 7:[687]
249 149 149 9:[687, 813]
251 240 240 18:[690]
254 243 243 8:[691, 724]
253 212 212 13:[691, 777]
252 210 210 7:[691, 714]
255 52 52 9:[694, 876]
256 91 91 15:[695]
257 217 217 8:[701]
258 250 250 8:[702]
262 253 253 14:[706, 760]
261 254 254 9:[706, 711]
260 186 186 13:[706]
259 160 160 16:[706, 830]
264 206 189 8:[707, 900]
263 193 152 7:[707]
265 256 256 16:[710, 755]
267 255 255 10:[711, 765]
266 226 226 8:[711, 733]
268 227 227 14:[713, 893]
269 257 257 9:[716, 876]
270 228 228 11:[718, 945]
271 249 155 7:[720, 726]
273 259 259 17:[721]
272 199 199 17:[721]
275 263 263 8:[722, 748]
274 264 264 9:[722, 790]
276 191 191 9:[723, 935]
277 68 68 11:[724, 789]
278 203 203 17:[725]
279 197 197 7:[727, 822]
280 267 267 11:[728]
281 238 238 7:[729, 741]
282 240 240 18:[731]
283 243 243 8:[732]
285 273 273 18:[736]
284 67 67 7:[736, 748]
286 276 276 10:[738, 932]
287 277 277 12:[739, 805]
288 279 279 8:[742, 774]
289 250 250 8:[743]
290 280 280 12:[745]
291 283 283 9:[747, 882]
292 210 210 7:[749, 1003]
293 212 212 13:[750]
294 160 160 16:[751, 781]
296 287 287 13:[754, 754]
295 255 255 10:[754, 899]
298 288 288 9:[757, 796]
297 257 257 9:[757]
299 174 174 7:[760, 954]
301 291 291 10:[762, 958]
300 199 199 17:[762, 975]
302 264 264 9:[763]
303 292 292 8:[764, 772]
305 294 294 17:[766, 785]
304 232 232 17:[766, 857]
306 295 295 11:[771, 811]
307 226 301 11:[772, 875]
308 299 299 8:[775, 781]
313 277 277 12:[780, 805]
312 234 234 15:[780]
311 235 235 15:[780, 814]
310 217 217 8:[780, 834]
309 117 117 9:[780, 847]
318 304 304 18:[781]
317 245 245 18:[781, 958]
316 246 246 18:[781]
315 91 91 15:[781, 796]
314 86 86 13:[781, 819]
319 279 279 8:[783, 887]
320 237 237 15:[786]
322 307 307 12:[787]
321 206 206 7:[787]
324 283 283 9:[788, 863]
323 280 280 12:[788]
325 263 310 9:[790, 861]
327 186 186 13:[792]
326 160 160 16:[792]
330 309 309 10:[795, 841]
329 313 313 13:[795, 875]
328 287 287 13:[795, 938]
332 314 314 14:[796, 835]
331 317 317 19:[796, 1013]
334 320 320 16:[801, 978]
333 80 80 12:[801]
335 322 322 13:[802, 851]
337 323 323 13:[805]
336 292 292 8:[805]
339 259 259 17:[807]
338 199 199 17:[807]
342 328 328 14:[810, 839]
341 329 329 14:[810, 991]
340 93 93 14:[810, 842]
345 332 332 15:[811, 993]
344 203 203 17:[811]
343 201 201 9:[811]
346 295 295 11:[814, 866]
347 299 299 8:[815, 826]
348 85 85 13:[816]
349 217 217 8:[821, 893]
352 338 338 18:[822]
351 273 273 18:[822]
350 91 91 15:[822]
353 222 222 11:[823]
356 340 340 15:[825, 934]
355 341 341 15:[825, 826]
354 342 342 15:[825, 854]
358 343 343 10:[826, 841]
357 345 345 16:[826]
359 241 241 12:[831, 917]
362 188 285 19:[832, 856]
361 282 282 19:[832]
360 211 211 8:[832]
363 257 257 9:[834]
365 117 117 9:[837]
364 59 59 13:[837]
366 357 357 17:[841]
367 322 322 13:[843, 843]
368 109 109 14:[844]
370 323 323 13:[848]
369 199 199 17:[848]
371 326 326 17:[851]
372 73 73 2:[854]
374 366 366 18:[856]
373 292 292 8:[856]
375 368 368 15:[859]
376 336 336 9:[861, 873]
377 341 341 15:[866, 912]
380 343 343 10:[867, 870]
379 345 345 16:[867, 872]
378 245 245 18:[867, 871]
381 375 375 16:[874, 1009]
382 251 251 19:[877]
385 357 357 17:[882]
384 317 317 19:[882]
383 276 276 10:[882, 913]
386 111 111 17:[883, 1000]
387 381 381 17:[889]
388 199 199 17:[893]
389 320 320 16:[895]
390 331 331 20:[897]
391 386 386 18:[898]
392 126 126 19:[899]
394 368 368 15:[900]
393 136 136 15:[900]
396 387 387 18:[904]
395 291 280 12:[904]
398 270 270 12:[908]
397 145 145 16:[908]
399 301 301 11:[911, 942]
400 373 373 9:[912]
401 391 391 19:[913]
403 393 393 16:[915]
402 322 322 13:[915, 931]
404 336 336 9:[919, 945]
405 333 333 13:[922]
407 350 350 16:[923]
406 348 348 14:[923]
409 398 398 13:[925, 946]
408 343 343 10:[925]
410 399 399 12:[926, 1002]
412 400 400 10:[927, 957]
411 131 334 17:[927, 970]
414 401 401 20:[928]
413 290 290 13:[928, 974]
415 341 341 15:[931]
417 328 406 15:[933, 968]
416 302 302 10:[933]
418 297 297 10:[934]
419 292 292 8:[935]
421 348 411 18:[937, 992]
420 405 405 14:[937]
422 331 331 20:[938]
423 387 387 18:[945]
424 159 421 19:[947, 1000]
425 417 417 16:[948]
426 419 419 9:[950]
427 420 420 15:[952]
428 391 391 19:[954]
429 394 394 16:[956]
430 425 425 17:[963, 986]
432 377 428 20:[964]
431 285 285 19:[964]
434 426 426 10:[965, 978]
433 191 191 9:[965]
436 394 429 17:[966]
435 401 401 20:[966, 1007]
438 427 427 16:[967, 984]
437 138 138 18:[967, 997]
439 400 400 10:[968]
440 337 337 14:[974]
441 297 297 10:[975]
443 373 373 9:[977]
442 280 280 12:[977]
445 431 431 20:[979]
444 406 406 15:[979]
446 433 433 10:[980]
448 435 435 21:[981]
447 436 436 18:[981]
450 437 437 19:[982, 985]
449 386 415 16:[982]
451 384 384 20:[983]
452 302 302 10:[984]
453 368 368 15:[986, 996]
454 418 418 11:[990]
455 440 440 15:[991]
456 443 443 10:[992, 993]
457 420 420 15:[993]
461 444 444 16:[994]
460 442 442 13:[994]
459 375 375 16:[994]
458 290 290 13:[994]
462 73 73 2:[996]
463 452 452 11:[999]
464 426 426 10:[1006]
465 455 455 16:[1008]
468 459 459 17:[1009]
467 461 461 17:[1009]
466 285 285 19:[1009, 1013]
469 428 428 20:[1010]
471 458 458 14:[1011]
470 460 460 14:[1011]
472 463 463 12:[1014]
