# PHOTON ASCII

struct ORGANIC[N] {
	X
	Y
	ENERGY
}

struct BARRIER[N] {
	X
	Y
}

struct ER {
	FIDX
	RIDX
	STATE[N] {
		VALUE
	}
}

struct KFMO {
	MAX_CODE_BLOCKS
	MAX_APPLY
	PROB_MUTATE_CODEBLOCK
	PROB_DUPLICATE
	PROB_DELETE
	PROB_INSERT
	PROB_TRANSPOSE
	PROB_MODIFY
}

struct SPORE {
	X
	Y
	ENERGY
	PARENT
	STRAIN
	SFLAGS
	PROGRAM[N] {
		TEXT_LINE
	}
}

struct CELL {
	ORGANISM_ID
	X
	Y
	MOOD
	MESSAGE

	MACHINE {
		TERMINATED
		CB
		PC
		R[N] {
			VALUE
		}

		CALL_STACK[N] {
			CB
			PC
		}

		DATA_STACK[N] {
			VALUE
		}
	}
}

struct ORGANISM {
	ORGANISM_ID
	STRAIN
	OFLAGS
	PARENT1
	PARENT2
	GENERATION
	ENERGY
	AGE
	PROGRAM[N] {
		TEXT_LINE
	}
}

struct KEYLIST {
	KEY
	VALUE
}
struct PLAYER {
	TERMINATED
	X
	Y
	ENERGY
	AGE
	CMD {
		TYPE
		X
		Y
	}
}

struct UNIVERSE {
	SEED
	STEP
	NEXT_ID
	NBORN
	NDIE
	WIDTH
	HEIGHT
}

UNIVERSE 1497116062 0 2 0 0 100 100

ER 1 0 63
	-929656550	-610216956	1193362088	484192625
	-301465800	1884930268	815825896	-1737037546
	-679695952	1048616651	1951867551	-1553607982
	-1832736830	-557070455	-1355044713	-1622931893
	1299317642	-1465205170	-1438806821	-666672570
	-609917227	-1395684041	-1469568192	1465558133
	1373750009	-656214176	-973324538	1427205779
	1678203179	-1931371472	794034235	-1943739018
	-802817641	-2132796237	-1766244833	-580213340
	-119621052	-529975460	1117391239	-2027894235
	201398717	281825975	-1592588150	-428518739
	352141649	469558645	-697606108	72873497
	286583084	-796764464	-158707200	1229846761
	-866049087	-950895878	-1449071550	1852807897
	1508296972	-6605988	-719771274	2076207061
	-1331998698	2035372047	-505507718


KFMO
	1
	10
	2500
	200
	600
	200
	200
	200


BARRIER {
	0	36
	0	37
	0	38
	0	39
	0	40
	0	41
	0	42
	0	43
	0	44
	0	45
	0	46
	0	47
	0	48
	0	49
	0	50
	0	51
	0	52
	0	53
	0	54
	0	55
	0	56
	0	57
	0	58
	0	59
	0	60
	0	61
	0	62
	0	63
	1	33
	1	34
	1	35
	1	36
	1	37
	1	38
	1	39
	1	40
	1	41
	1	42
	1	43
	1	44
	1	45
	1	46
	1	47
	1	48
	1	49
	1	50
	1	51
	1	52
	1	53
	1	54
	1	55
	1	56
	1	57
	1	58
	1	59
	1	60
	1	61
	1	62
	1	63
	1	64
	1	65
	1	66
	2	30
	2	31
	2	32
	2	33
	2	34
	2	35
	2	36
	2	37
	2	38
	2	39
	2	60
	2	61
	2	62
	2	63
	2	64
	2	65
	2	66
	2	67
	2	68
	2	69
	3	28
	3	29
	3	30
	3	31
	3	32
	3	33
	3	34
	3	35
	3	64
	3	65
	3	66
	3	67
	3	68
	3	69
	3	70
	3	71
	4	26
	4	27
	4	28
	4	29
	4	30
	4	31
	4	32
	4	67
	4	68
	4	69
	4	70
	4	71
	4	72
	4	73
	5	24
	5	25
	5	26
	5	27
	5	28
	5	29
	5	70
	5	71
	5	72
	5	73
	5	74
	5	75
	6	23
	6	24
	6	25
	6	26
	6	27
	6	28
	6	71
	6	72
	6	73
	6	74
	6	75
	6	76
	7	22
	7	23
	7	24
	7	25
	7	74
	7	75
	7	76
	7	77
	8	20
	8	21
	8	22
	8	23
	8	24
	8	75
	8	76
	8	77
	8	78
	8	79
	9	19
	9	20
	9	21
	9	22
	9	77
	9	78
	9	79
	9	80
	10	17
	10	18
	10	19
	10	20
	10	21
	10	78
	10	79
	10	80
	10	81
	10	82
	11	16
	11	17
	11	18
	11	19
	11	80
	11	81
	11	82
	11	83
	12	15
	12	16
	12	17
	12	18
	12	81
	12	82
	12	83
	12	84
	13	14
	13	15
	13	16
	13	17
	13	82
	13	83
	13	84
	13	85
	14	13
	14	14
	14	15
	14	16
	14	83
	14	84
	14	85
	14	86
	15	12
	15	13
	15	14
	15	15
	15	84
	15	85
	15	86
	15	87
	16	11
	16	12
	16	13
	16	14
	16	85
	16	86
	16	87
	16	88
	17	10
	17	11
	17	12
	17	13
	17	86
	17	87
	17	88
	17	89
	18	10
	18	11
	18	12
	18	87
	18	88
	18	89
	19	9
	19	10
	19	11
	19	88
	19	89
	19	90
	20	8
	20	9
	20	10
	20	89
	20	90
	20	91
	21	8
	21	9
	21	10
	21	89
	21	90
	21	91
	22	7
	22	8
	22	9
	22	90
	22	91
	22	92
	23	6
	23	7
	23	8
	23	91
	23	92
	23	93
	24	5
	24	6
	24	7
	24	8
	24	91
	24	92
	24	93
	25	5
	25	6
	25	7
	25	92
	25	93
	25	94
	26	4
	26	5
	26	6
	26	93
	26	94
	26	95
	27	4
	27	5
	27	6
	27	93
	27	94
	27	95
	28	3
	28	4
	28	5
	28	6
	28	93
	28	94
	28	95
	28	96
	29	3
	29	4
	29	5
	29	94
	29	95
	29	96
	30	2
	30	3
	30	4
	30	95
	30	96
	30	97
	31	2
	31	3
	31	4
	31	95
	31	96
	31	97
	32	2
	32	3
	32	4
	32	95
	32	96
	32	97
	33	1
	33	2
	33	3
	33	96
	33	97
	33	98
	34	1
	34	2
	34	3
	34	96
	34	97
	34	98
	35	1
	35	2
	35	3
	35	96
	35	97
	35	98
	36	0
	36	1
	36	2
	36	97
	36	98
	36	99
	37	0
	37	1
	37	2
	37	97
	37	98
	37	99
	38	0
	38	1
	38	2
	38	97
	38	98
	38	99
	39	0
	39	1
	39	2
	39	97
	39	98
	39	99
	40	0
	40	1
	40	98
	40	99
	41	0
	41	1
	41	98
	41	99
	42	0
	42	1
	42	98
	42	99
	43	0
	43	1
	43	98
	43	99
	44	0
	44	1
	44	98
	44	99
	45	0
	45	1
	45	98
	45	99
	46	0
	46	1
	46	98
	46	99
	47	0
	47	1
	47	98
	47	99
	48	0
	48	1
	48	98
	48	99
	49	0
	49	1
	49	98
	49	99
	50	0
	50	1
	50	98
	50	99
	51	0
	51	1
	51	98
	51	99
	52	0
	52	1
	52	98
	52	99
	53	0
	53	1
	53	98
	53	99
	54	0
	54	1
	54	98
	54	99
	55	0
	55	1
	55	98
	55	99
	56	0
	56	1
	56	98
	56	99
	57	0
	57	1
	57	98
	57	99
	58	0
	58	1
	58	98
	58	99
	59	0
	59	1
	59	98
	59	99
	60	0
	60	1
	60	2
	60	97
	60	98
	60	99
	61	0
	61	1
	61	2
	61	97
	61	98
	61	99
	62	0
	62	1
	62	2
	62	97
	62	98
	62	99
	63	0
	63	1
	63	2
	63	97
	63	98
	63	99
	64	1
	64	2
	64	3
	64	96
	64	97
	64	98
	65	1
	65	2
	65	3
	65	96
	65	97
	65	98
	66	1
	66	2
	66	3
	66	96
	66	97
	66	98
	67	2
	67	3
	67	4
	67	95
	67	96
	67	97
	68	2
	68	3
	68	4
	68	95
	68	96
	68	97
	69	2
	69	3
	69	4
}
BARRIER {
	69	95
	69	96
	69	97
	70	3
	70	4
	70	5
	70	94
	70	95
	70	96
	71	3
	71	4
	71	5
	71	6
	71	93
	71	94
	71	95
	71	96
	72	4
	72	5
	72	6
	72	93
	72	94
	72	95
	73	4
	73	5
	73	6
	73	93
	73	94
	73	95
	74	5
	74	6
	74	7
	74	92
	74	93
	74	94
	75	5
	75	6
	75	7
	75	8
	75	91
	75	92
	75	93
	75	94
	76	6
	76	7
	76	8
	76	91
	76	92
	76	93
	77	7
	77	8
	77	9
	77	90
	77	91
	77	92
	78	8
	78	9
	78	10
	78	89
	78	90
	78	91
	79	8
	79	9
	79	10
	79	89
	79	90
	79	91
	80	9
	80	10
	80	11
	80	88
	80	89
	80	90
	81	10
	81	11
	81	12
	81	87
	81	88
	81	89
	82	10
	82	11
	82	12
	82	13
	82	86
	82	87
	82	88
	82	89
	83	11
	83	12
	83	13
	83	14
	83	85
	83	86
	83	87
	83	88
	84	12
	84	13
	84	14
	84	15
	84	84
	84	85
	84	86
	84	87
	85	13
	85	14
	85	15
	85	16
	85	83
	85	84
	85	85
	85	86
	86	14
	86	15
	86	16
	86	17
	86	82
	86	83
	86	84
	86	85
	87	15
	87	16
	87	17
	87	18
	87	81
	87	82
	87	83
	87	84
	88	16
	88	17
	88	18
	88	19
	88	80
	88	81
	88	82
	88	83
	89	17
	89	18
	89	19
	89	20
	89	21
	89	78
	89	79
	89	80
	89	81
	89	82
	90	19
	90	20
	90	21
	90	22
	90	77
	90	78
	90	79
	90	80
	91	20
	91	21
	91	22
	91	23
	91	24
	91	75
	91	76
	91	77
	91	78
	91	79
	92	22
	92	23
	92	24
	92	25
	92	74
	92	75
	92	76
	92	77
	93	23
	93	24
	93	25
	93	26
	93	27
	93	28
	93	71
	93	72
	93	73
	93	74
	93	75
	93	76
	94	24
	94	25
	94	26
	94	27
	94	28
	94	29
	94	70
	94	71
	94	72
	94	73
	94	74
	94	75
	95	26
	95	27
	95	28
	95	29
	95	30
	95	31
	95	32
	95	67
	95	68
	95	69
	95	70
	95	71
	95	72
	95	73
	96	28
	96	29
	96	30
	96	31
	96	32
	96	33
	96	34
	96	35
	96	64
	96	65
	96	66
	96	67
	96	68
	96	69
	96	70
	96	71
	97	30
	97	31
	97	32
	97	33
	97	34
	97	35
	97	36
	97	37
	97	38
	97	39
	97	60
	97	61
	97	62
	97	63
	97	64
	97	65
	97	66
	97	67
	97	68
	97	69
	98	33
	98	34
	98	35
	98	36
	98	37
	98	38
	98	39
	98	40
	98	41
	98	42
	98	43
	98	44
	98	45
	98	46
	98	47
	98	48
	98	49
	98	50
	98	51
	98	52
	98	53
	98	54
	98	55
	98	56
	98	57
	98	58
	98	59
	98	60
	98	61
	98	62
	98	63
	98	64
	98	65
	98	66
	99	36
	99	37
	99	38
	99	39
	99	40
	99	41
	99	42
	99	43
	99	44
	99	45
	99	46
	99	47
	99	48
	99	49
	99	50
	99	51
	99	52
	99	53
	99	54
	99	55
	99	56
	99	57
	99	58
	99	59
	99	60
	99	61
	99	62
	99	63
}

KEYLIST "HadStrain0" "Y"

ORGANIC {
}

ORGANISM 1 0 0 0 0 0 10000 0
  {  # program
	"main:"
	"{"
	"      9  call  9  call  1  call  9  call  2  call  9  call  3  call  9  call  4  call"
	"      9  call  5  call  9  call  6  call  9  call  7  call  9  call  8  call  9  call"
	"      1  ?loop "
	"}"
	""
	"row1:"
	"{"
	"      1  1  2dup  EAT  pop  OMOVE  ?loop "
	"}"
	""
	"row2:"
	"{"
	"      -1  0  2dup  EAT  pop  OMOVE  ?loop "
	"}"
	""
	"row3:"
	"{"
	"      -1  1  2dup  EAT  pop  OMOVE  ?loop "
	"}"
	""
	"row4:"
	"{"
	"      1  0  2dup  EAT  pop  OMOVE  ?loop "
	"}"
	""
	"row5:"
	"{"
	"      1  -1  2dup  EAT  pop  OMOVE  ?loop "
	"}"
	""
	"row6:"
	"{"
	"      0  1  2dup  EAT  pop  OMOVE  ?loop "
	"}"
	""
	"row7:"
	"{"
	"      0  -1  2dup  EAT  pop  OMOVE  ?loop "
	"}"
	""
	"row8:"
	"{"
	"      -1  -1  2dup  EAT  pop  OMOVE  ?loop "
	"}"
	""
	"row9:"
	"{"
	"      ENERGY  4  /  R0!  -1  0  R0  MAKE-SPORE  pop  -1  0  R0  MAKE-SPORE  pop  1"
	"      1  OMOVE  pop  0  -1  OMOVE  pop  0  -1  OMOVE  pop  0  -1  OMOVE  pop  0  -1"
	"      OMOVE  pop  0  -1  OMOVE  pop "
	"}"
  }

CELL 1 50 50
	0 0
	0 0 0
	{ 0 0 0 0 0
	  0 0 0 0 0 }
	{
	}
	{
	}

