164 138 138 8:[0]
223 186 186 8:[0]
500 164 164 9:[0]
550 264 186 8:[0]
1065 964 964 12:[0]
1128 801 801 8:[0]
1288 729 729 12:[0]
1300 54 54 12:[0]
1342 116 313 7:[0]
1852 1399 1399 9:[0]
1907 1769 1769 12:[0]
2092 1323 1323 11:[0]
2212 1444 1444 14:[0]
2480 1097 1097 11:[0]
2538 2029 2029 9:[0]
2552 2046 2046 14:[0]
2564 2435 750 12:[0]
2688 1844 1844 10:[0]
2685 1858 1858 10:[0]
2698 1541 1541 12:[0]
2729 2212 2212 15:[0]
2857 2686 2686 11:[0]
2914 2739 2739 9:[0]
2900 1702 1702 9:[0]
2897 1128 1128 9:[0]
2998 2143 2143 12:[0]
3111 2947 2947 15:[0]
3255 3081 3081 16:[0]
3284 3101 3101 16:[0]
3278 2734 2734 16:[0]
3360 3196 3196 13:[0]
3425 1520 1520 11:[0]
3487 2949 2949 15:[0]
3509 3352 3352 17:[0]
3520 1992 1992 9:[0]
3572 2804 3043 9:[0]
3567 1628 1628 11:[0]
3609 3442 3442 23:[0]
3645 2719 2719 14:[0]
3697 2145 3225 10:[0]
3693 3512 3147 14:[0]
3733 2805 3214 14:[0]
3755 940 940 12:[0]
3765 3578 3578 14:[0]
3787 2853 2853 12:[0]
3804 3314 3625 11:[0]
3813 2993 2993 9:[0]
3877 3698 3698 15:[0]
3901 2223 2223 15:[0]
3949 3354 3354 17:[0]
4015 3829 3829 16:[0]
4010 3412 3412 15:[0]
4044 3851 3851 11:[0]
4037 3453 3453 11:[0]
4057 3881 3881 17:[0]
4055 3473 3473 21:[0]
4089 3913 3913 16:[0]
4087 3486 3486 16:[0]
4119 3916 3916 9:[0]
4167 3582 4008 12:[0]
4166 3957 3957 14:[0]
4158 3537 3537 14:[0]
4152 3185 3185 14:[0]
4171 3581 3747 17:[0]
4211 4046 4046 13:[0]
4204 3585 3585 19:[0]
4226 3607 3607 12:[0]
4224 3243 3243 12:[0]
4221 2857 2857 12:[0]
4220 2480 2480 12:[0]
4239 3253 3253 17:[0]
4259 4067 4067 19:[0]
4250 2521 500 10:[0]
4302 4115 4115 10:[0]
4325 2831 2831 14:[0]
4334 4091 4091 17:[0]
4347 3741 3741 16:[0]
4342 2223 2223 15:[0]
4380 4187 4187 16:[0]
4419 4262 4262 9:[0]
4418 4212 4212 13:[0]
4451 3825 3825 13:[0]
4449 3821 3821 20:[0]
4447 3824 872 16:[0]
4473 3890 4327 11:[0]
4486 4297 4297 11:[0]
4482 4293 3918 10:[0]
4474 2684 2684 11:[0]
4493 4329 3488 16:[0]
4490 2696 2696 16:[0]
4507 4322 4322 14:[0]
4506 3520 3924 9:[0]
4517 4332 4332 14:[0]
4511 3379 3379 11:[0]
4526 3903 3903 16:[0]
4554 4361 4361 9:[0]
4577 3948 3948 12:[0]
4576 3951 3951 21:[0]
4594 4397 4397 19:[0]
4592 4410 4410 25:[0]
4584 3167 3167 14:[0]
4628 4437 4437 15:[0]
4625 4441 4441 12:[0]
4613 3204 3204 12:[0]
4611 940 940 12:[0]
4679 2503 4512 16:[0]
4677 4474 4474 12:[0]
4662 3244 3244 12:[0]
4681 3631 3631 17:[0]
4680 2339 2339 11:[0]
4696 4065 4065 10:[0]
4695 4066 4066 10:[0]
4745 3832 3832 12:[0]
4742 3298 3298 10:[0]
4739 2564 2564 13:[0]
4766 4558 4558 15:[0]
4767 3420 3420 11:[0]
4778 4610 4182 13:[0]
4804 4624 4624 14:[0]
4784 2223 2223 15:[0]
4811 4609 4609 17:[0]
4831 4252 4672 8:[0]
4829 4613 4613 13:[0]
4826 4628 4628 16:[0]
4818 2004 3788 13:[0]
4844 269 269 10:[0]
4874 4655 4655 13:[0]
4866 4227 4227 13:[0]
4862 3787 3787 13:[0]
4857 3392 3392 13:[0]
4888 4680 4680 12:[0]
4879 4247 4247 18:[0]
4892 2774 2774 19:[0]
4906 4267 4267 16:[0]
4901 4717 3884 16:[0]
4919 3821 3821 20:[0]
4941 4739 4739 14:[0]
4937 4303 4303 11:[0]
4930 3061 3061 11:[0]
4952 4766 4766 16:[0]
4944 3074 3074 16:[0]
4986 4785 4785 16:[0]
4980 4352 4352 16:[0]
4976 3907 3907 16:[0]
4974 3111 3111 16:[0]
4973 2733 2733 16:[0]
4994 4325 4325 15:[0]
4988 4825 3401 11:[0]
5009 4379 4379 14:[0]
5026 2765 4848 18:[0]
5025 4835 4835 19:[0]
5024 4843 4843 19:[0]
5022 4414 4414 14:[0]
5046 4437 4437 15:[0]
5043 4418 4418 14:[0]
5038 3537 3537 14:[0]
5037 3544 3544 15:[0]
5064 4879 4879 19:[0]
5063 4883 4883 19:[0]
5079 4893 4893 12:[0]
5069 3572 3572 10:[0]
5084 3581 3581 22:[0]
5102 4954 4505 10:[0]
5129 4938 4938 12:[0]
5124 4484 4484 15:[0]
5123 4486 4486 12:[0]
5153 4956 4956 13:[0]
5148 4506 4506 10:[0]
5142 4250 116 7:[0]
5160 4967 4967 15:[0]
5172 4531 4531 20:[0]
5170 4489 4489 11:[0]
5168 4089 4089 17:[0]
5186 4207 4207 21:[0]
5206 4555 4555 15:[0]
5201 4129 4129 15:[0]
5220 4511 4599 18:[0]
5218 4206 4206 21:[0]
5216 3706 3706 20:[0]
5239 5073 5068 13:[0]
5237 4182 5075 13:[0]
5229 4571 3225 10:[0]
5268 5064 5064 20:[0]
5261 5065 4327 11:[0]
5286 5087 5087 19:[0]
5283 4680 4680 12:[0]
5324 5112 5112 13:[0]
5312 4677 4677 13:[0]
5309 4254 4254 9:[0]
5308 4220 4220 13:[0]
5304 4197 4197 17:[0]
5300 3387 3387 13:[0]
5334 4710 5164 18:[0]
5326 4240 4240 18:[0]
5369 5166 5166 18:[0]
5368 5167 5167 18:[0]
5363 4767 4767 12:[0]
5361 4727 4727 18:[0]
5355 2145 2145 6:[0]
5388 4778 5237 14:[0]
5384 5184 5184 11:[0]
5381 5197 4779 14:[0]
5372 3857 3857 11:[0]
5399 4332 5208 13:[0]
5398 5212 5212 16:[0]
5413 5232 5232 23:[0]
5407 3824 3824 11:[0]
5426 4769 4769 15:[0]
5424 4346 4346 16:[0]
5423 4347 4347 17:[0]
5421 4360 4360 19:[0]
5418 3903 3903 16:[0]
5417 3855 3855 15:[0]
5442 5261 5261 12:[0]
5438 4808 4808 15:[0]
5437 3509 3509 18:[0]
5436 2754 2754 21:[0]
5464 4422 5311 18:[0]
5460 5270 5270 14:[0]
5455 4827 4827 14:[0]
5454 4828 4828 14:[0]
5451 4618 4618 15:[0]
5450 4371 4371 14:[0]
5447 3813 3813 10:[0]
5446 4820 2426 14:[0]
5470 4419 4419 10:[0]
5468 4389 4389 21:[0]
5481 4941 4941 15:[0]
5504 5307 5307 14:[0]
5502 5319 5319 14:[0]
5500 5322 5322 20:[0]
5498 4857 4857 14:[0]
5497 4055 4860 14:[0]
5492 4402 4402 14:[0]
5491 4404 4404 14:[0]
5490 4418 4418 14:[0]
5488 4019 4019 22:[0]
5484 3544 3544 15:[0]
5516 4880 4880 19:[0]
5511 4429 4429 19:[0]
5529 5341 5341 12:[0]
5527 5355 4988 12:[0]
5524 4444 4444 12:[0]
5538 5346 5346 17:[0]
5533 4906 4906 17:[0]
5532 5343 4518 23:[0]
5555 5370 5370 22:[0]
5552 4927 4927 19:[0]
5544 4100 4100 7:[0]
5578 5373 5373 12:[0]
5569 4486 4486 12:[0]
5568 4449 4449 21:[0]
5567 4041 4041 12:[0]
5562 2857 2857 12:[0]
5596 5394 5394 17:[0]
5594 5401 5401 17:[0]
5590 4952 4952 17:[0]
5586 4493 4493 17:[0]
5581 4010 4010 16:[0]
5580 3255 3255 17:[0]
5602 5404 5404 20:[0]
5601 5406 5406 22:[0]
5600 4958 4958 19:[0]
5615 5409 5409 15:[0]
5614 5438 5065 20:[0]
5613 4507 5034 15:[0]
5608 4517 4517 15:[0]
5607 3949 3949 18:[0]
5630 5434 5434 17:[0]
5627 4976 4976 17:[0]
5624 4596 4596 11:[0]
5619 5456 3804 12:[0]
5618 3652 3652 8:[0]
5617 3661 3661 17:[0]
5655 4393 5481 16:[0]
5653 5441 5441 22:[0]
5649 5041 5041 14:[0]
5641 3935 3935 14:[0]
5638 1852 1852 10:[0]
5677 5049 5496 15:[0]
5672 5455 5455 15:[0]
5668 5464 5464 19:[0]
5666 5466 5466 15:[0]
5657 3688 3688 15:[0]
5685 5471 5471 20:[0]
5684 5092 5092 18:[0]
5681 5025 5025 20:[0]
5695 4166 5524 13:[0]
5688 4224 4224 13:[0]
5687 5519 1907 13:[0]
5714 5486 5486 23:[0]
5712 5488 5488 23:[0]
5711 5490 5490 15:[0]
5706 5477 5477 14:[0]
5705 5037 5037 16:[0]
5700 4963 4511 12:[0]
5697 4167 4167 13:[0]
5696 3733 3733 15:[0]
5721 5514 5514 12:[0]
5716 2964 2964 20:[0]
5733 5536 4647 20:[0]
5757 4239 5598 19:[0]
5756 5145 5599 11:[0]
5747 5159 5159 25:[0]
5744 5102 5102 11:[0]
5739 4204 4204 20:[0]
5784 5567 5567 13:[0]
5779 5109 5109 13:[0]
5775 5126 5126 13:[0]
5773 5067 5067 16:[0]
5772 5077 5077 13:[0]
5770 4655 4655 13:[0]
5765 4220 4220 13:[0]
5796 5583 5583 22:[0]
5795 5584 5584 18:[0]
5794 5585 5585 18:[0]
5792 5596 5596 18:[0]
5790 5140 5140 18:[0]
5808 5601 5601 23:[0]
5802 4410 4410 25:[0]
5799 5154 3175 11:[0]
5824 5261 5663 12:[0]
5822 5608 5608 16:[0]
5818 5158 5158 19:[0]
5816 4711 4711 16:[0]
5812 3825 3825 13:[0]
5839 5618 5618 9:[0]
5838 5619 5619 13:[0]
5836 5627 5627 18:[0]
5828 5185 4770 21:[0]
5827 4720 4720 12:[0]
5825 3425 3425 12:[0]
5849 5674 5690 14:[0]
5847 5184 5184 11:[0]
5845 5191 5191 23:[0]
5842 4292 4292 11:[0]
5862 5667 5667 16:[0]
5861 5668 5668 20:[0]
5860 5219 5671 16:[0]
5858 5676 5676 16:[0]
5857 5677 5677 16:[0]
5855 5643 5643 17:[0]
5850 2564 2564 13:[0]
5870 5684 5684 19:[0]
5869 5613 5613 16:[0]
5866 5170 5170 12:[0]
5865 5687 4769 15:[0]
5879 4347 5725 14:[0]
5877 5693 5693 23:[0]
5874 5234 5234 14:[0]
5872 4776 4776 23:[0]
5899 5704 5704 16:[0]
5895 5713 5713 16:[0]
5891 5243 5243 16:[0]
5890 5252 5252 16:[0]
5887 4823 4818 14:[0]
5910 5723 5723 19:[0]
5909 5724 5724 15:[0]
5905 3922 3922 12:[0]
5904 3495 3495 9:[0]
5903 3509 3509 18:[0]
5923 5726 5726 20:[0]
5917 4371 4371 14:[0]
5916 4373 4373 14:[0]
5914 4171 4171 18:[0]
5913 3276 3276 17:[0]
5912 2051 2051 14:[0]
5938 5334 5798 19:[0]
5936 5734 5734 14:[0]
5934 5700 5700 13:[0]
5933 5763 5362 13:[0]
5932 5326 5326 19:[0]
5928 4843 4843 19:[0]
5926 4471 4471 19:[0]
5953 4686 5804 12:[0]
5943 4874 5382 12:[0]
5942 5353 5353 26:[0]
5974 5762 5762 14:[0]
5972 5770 5770 14:[0]
5971 5773 5773 17:[0]
5965 5313 5313 14:[0]
5964 5315 5315 14:[0]
5962 4857 4857 14:[0]
5988 4451 5826 19:[0]
5987 4325 5838 14:[0]
5986 5790 5790 19:[0]
5985 5792 5792 19:[0]
5983 5801 5359 19:[0]
5982 5363 5363 13:[0]
6000 5800 5800 22:[0]
5998 5806 5806 12:[0]
5996 5358 5358 11:[0]
5994 5288 5288 20:[0]
5990 4055 4055 22:[0]
5989 3572 3572 10:[0]
6009 5816 5816 17:[0]
6008 5824 5442 13:[0]
6003 4495 4495 17:[0]
6028 5825 5825 13:[0]
6026 5828 5828 22:[0]
6024 5833 5833 23:[0]
6023 5837 5837 23:[0]
6022 5397 5397 17:[0]
6021 5361 5361 19:[0]
6018 5369 5369 19:[0]
6016 4923 4923 19:[0]
6013 4021 4021 19:[0]
6011 1780 1780 19:[0]
6044 5847 5847 12:[0]
6043 5848 5848 15:[0]
6041 5372 5372 12:[0]
6040 5381 5381 15:[0]
6037 4938 4938 12:[0]
6035 4474 4474 12:[0]
6034 4486 4486 12:[0]
6032 3606 3606 24:[0]
6030 2857 2857 12:[0]
6029 2480 2480 12:[0]
6065 5855 5890 17:[0]
6061 5858 5858 17:[0]
6060 5519 5862 17:[0]
6058 5399 5399 14:[0]
6057 5401 5401 17:[0]
6055 3632 4986 17:[0]
6053 4948 4948 17:[0]
6047 3255 3255 17:[0]
6072 5865 5865 16:[0]
6069 4933 4933 22:[0]
6068 4506 4506 10:[0]
6066 4010 4010 16:[0]
6084 5009 5924 11:[0]
6083 5872 5872 24:[0]
6082 5876 5876 20:[0]
6078 5413 5413 24:[0]
6077 5022 5022 15:[0]
6076 4517 4517 15:[0]
6075 3645 3645 15:[0]
6102 5886 5886 25:[0]
6099 5892 5892 21:[0]
6097 5418 5418 17:[0]
6096 5419 5419 17:[0]
6095 5421 5421 20:[0]
6094 5424 5424 17:[0]
6093 4973 4973 17:[0]
6092 4976 4976 17:[0]
6089 4522 4522 17:[0]
6088 4526 4526 17:[0]
6086 4089 4089 17:[0]
6119 5930 5930 11:[0]
6118 5937 5937 11:[0]
6117 5904 5904 10:[0]
6115 5910 5910 20:[0]
6114 5470 5470 11:[0]
6113 5046 5046 16:[0]
6112 4990 4990 22:[0]
6111 4999 4999 13:[0]
6110 4618 4618 15:[0]
6108 4541 4541 10:[0]
6107 4554 4554 10:[0]
6106 2914 2914 10:[0]
6140 4166 5975 18:[0]
6138 5914 5914 19:[0]
6137 5917 5917 15:[0]
6136 5922 5922 15:[0]
6133 5946 5545 25:[0]
6132 5478 5478 18:[0]
6130 5454 5454 15:[0]
6126 5426 5426 16:[0]
6123 4504 4504 16:[0]
6122 4224 4224 13:[0]
6121 3688 3688 15:[0]
6120 3024 3024 18:[0]
6147 5928 5928 20:[0]
6163 5532 5993 23:[0]
6161 5940 5940 22:[0]
6156 5527 5527 13:[0]
6155 5482 5482 22:[0]
6154 5476 5476 20:[0]
6150 4577 4577 13:[0]
6191 5529 6006 20:[0]
6190 5501 6007 18:[0]
6189 5956 5956 11:[0]
6186 5962 5962 15:[0]
6185 5964 5964 15:[0]
6184 5972 5972 15:[0]
6182 5484 5484 16:[0]
6181 5487 5487 15:[0]
6179 5498 5498 15:[0]
6178 5502 5502 15:[0]
6176 5037 5037 16:[0]
6174 5043 5043 15:[0]
6171 5982 4767 12:[0]
6170 4584 4584 15:[0]
6169 4507 4507 15:[0]
6167 4167 4167 13:[0]
6166 4056 4056 19:[0]
6164 5544 223 9:[0]
6206 5976 5976 17:[0]
6205 5934 5934 14:[0]
6202 5229 5229 11:[0]
6200 5064 5064 20:[0]
6196 4625 4204 20:[0]
6193 3361 3361 20:[0]
6221 4679 6033 13:[0]
6220 5552 6040 16:[0]
6218 5989 5989 11:[0]
6217 5990 5990 23:[0]
6214 5998 5998 13:[0]
6210 5186 5186 22:[0]
6209 5069 5069 11:[0]
6208 5073 5073 13:[0]
6228 4239 5572 22:[0]
6225 5500 5500 21:[0]
6224 6023 5218 22:[0]
6223 5120 5120 18:[0]
6222 4064 4064 14:[0]
6241 6013 6013 20:[0]
6240 6014 6014 20:[0]
6239 6016 6016 20:[0]
6238 6046 5687 14:[0]
6236 5555 5555 23:[0]
6235 5102 5102 11:[0]
6234 4831 4831 9:[0]
6232 3813 3813 10:[0]
6266 6029 6029 13:[0]
6265 6030 6030 13:[0]
6264 6032 6032 25:[0]
6263 6034 6034 13:[0]
6261 6037 6037 13:[0]
6257 5261 5160 16:[0]
6254 5124 5124 16:[0]
6252 5599 5077 13:[0]
6251 4662 4662 13:[0]
6249 4673 4673 13:[0]
6247 4677 4677 13:[0]
6246 4220 4220 13:[0]
6245 4221 4221 13:[0]
6243 2998 2998 13:[0]
6279 6049 6049 18:[0]
6278 6050 6050 18:[0]
6277 6051 6051 22:[0]
6276 6053 6053 18:[0]
6274 6061 6061 18:[0]
6272 5590 5590 18:[0]
6268 4511 4511 12:[0]
6267 6084 164 9:[0]
6295 5635 6105 11:[0]
6294 6066 6066 17:[0]
6293 6069 6069 23:[0]
6289 5600 5600 20:[0]
6287 5602 5602 21:[0]
6286 5581 5581 17:[0]
6284 5145 5145 11:[0]
6283 5153 5153 14:[0]
6304 6124 6122 14:[0]
6302 6074 6074 9:[0]
6301 6077 6077 16:[0]
6300 6078 6078 25:[0]
6296 5158 5158 19:[0]
6318 6086 6086 18:[0]
6317 6087 6087 18:[0]
6316 6090 6090 18:[0]
6314 5666 6095 21:[0]
6312 6103 6103 18:[0]
6311 5617 5617 18:[0]
6310 5618 5618 9:[0]
6309 5627 5627 18:[0]
6308 5630 5630 18:[0]
6305 3425 3425 12:[0]
6332 5260 6150 14:[0]
6331 6111 6111 14:[0]
6330 6112 6112 23:[0]
6327 5645 5645 14:[0]
6325 4778 5237 14:[0]
6324 5079 5079 13:[0]
6323 5668 4818 14:[0]
6322 4741 4741 11:[0]
6321 4742 4742 11:[0]
6320 4302 4302 11:[0]
6351 6139 6139 19:[0]
6347 6133 5753 26:[0]
6346 6123 5696 16:[0]
6345 5688 5688 14:[0]
6344 5694 5694 19:[0]
6343 5672 5672 16:[0]
6341 5607 5607 19:[0]
6340 5283 5283 13:[0]
6337 4888 4888 13:[0]
6362 6126 6126 17:[0]
6361 6127 6127 17:[0]
6360 6168 5807 12:[0]
6358 5685 5685 21:[0]
6357 5216 5216 21:[0]
6356 5220 5220 19:[0]
6355 4770 4770 21:[0]
6376 6218 6209 12:[0]
6375 6153 6153 23:[0]
6374 6155 6155 23:[0]
6373 6160 6160 23:[0]
6372 6162 6162 13:[0]
6371 6152 5914 19:[0]
6370 5722 5731 14:[0]
6368 5712 5712 24:[0]
6367 5695 5695 14:[0]
6365 4824 4824 24:[0]
6364 4333 4333 23:[0]
6390 6166 6166 20:[0]
6389 6171 6171 13:[0]
6388 6175 6175 16:[0]
6387 6179 6179 16:[0]
6385 6184 6184 16:[0]
6384 6185 6185 16:[0]
6381 5255 5255 16:[0]
6380 4792 4792 16:[0]
6379 3901 3901 16:[0]
6378 3487 3487 16:[0]
6400 6193 6193 21:[0]
6399 6196 6196 21:[0]
6397 6202 6202 12:[0]
6395 5723 5723 19:[0]
6394 5641 5641 15:[0]
6412 6213 6213 23:[0]
6411 6214 6214 14:[0]
6410 6217 6217 24:[0]
6409 6219 6219 17:[0]
6406 5706 5706 15:[0]
6405 5681 5681 21:[0]
6404 5281 5281 17:[0]
6403 4829 4829 14:[0]
6402 4482 4482 11:[0]
6401 5363 1342 8:[0]
6430 5790 6276 19:[0]
6429 5756 6278 19:[0]
6428 6223 6223 19:[0]
6426 6231 6231 20:[0]
6425 6157 6157 26:[0]
6424 6260 5838 14:[0]
6423 5801 5801 21:[0]
6421 5795 5794 19:[0]
6418 5309 5309 10:[0]
6417 5286 5286 20:[0]
6416 4843 4843 19:[0]
6414 4419 4419 10:[0]
6413 4207 4207 21:[0]
6445 5355 6283 15:[0]
6444 6271 6271 16:[0]
6443 6235 6235 12:[0]
6442 6236 6236 24:[0]
6441 6237 6237 21:[0]
6439 6239 6239 21:[0]
6438 6242 6242 12:[0]
6437 6205 6205 15:[0]
6436 5613 6169 16:[0]
6435 5824 5824 13:[0]
6434 5739 5739 21:[0]
6433 5755 5755 22:[0]
6432 4811 4811 18:[0]
6431 4447 4447 17:[0]
6466 5772 6296 20:[0]
6465 4015 6298 15:[0]
6464 6245 6245 14:[0]
6463 6246 6246 14:[0]
6462 6247 6247 14:[0]
6461 6249 6249 14:[0]
6460 6252 6252 14:[0]
6459 6254 6254 17:[0]
6458 6264 6264 26:[0]
6457 5850 5850 14:[0]
6456 5765 5765 14:[0]
6455 5770 5770 14:[0]
6453 5784 5784 14:[0]
6452 5300 5300 14:[0]
6451 5312 5312 14:[0]
6450 4857 4857 14:[0]
6449 4862 4862 14:[0]
6446 4418 4418 14:[0]
6480 6303 6303 13:[0]
6479 6267 6267 10:[0]
6478 6277 6277 23:[0]
6477 6279 6279 19:[0]
6476 5792 5792 19:[0]
6474 5711 5711 16:[0]
6473 5442 5361 19:[0]
6472 4928 5369 19:[0]
6471 5326 5326 19:[0]
6470 5334 5334 19:[0]
6469 4879 4879 19:[0]
6467 2698 2698 13:[0]
6490 6284 6284 12:[0]
6489 6285 6285 20:[0]
6488 6286 6286 18:[0]
6487 6289 6289 21:[0]
6486 6294 6294 18:[0]
6485 6256 6256 14:[0]
6482 5308 5308 14:[0]
6481 3572 3572 10:[0]
6504 6320 6345 15:[0]
6503 6304 6304 15:[0]
6502 6314 5933 14:[0]
6501 5816 5816 17:[0]
6499 5773 5773 17:[0]
6498 4473 5438 16:[0]
6497 6302 5399 14:[0]
6495 5812 5142 8:[0]
6494 5065 5065 20:[0]
6493 4906 4906 17:[0]
6492 4044 4493 17:[0]
6491 4451 4451 14:[0]
6516 6305 6305 13:[0]
6515 6310 6310 10:[0]
6514 6311 6311 19:[0]
6513 6316 6316 19:[0]
6512 6317 6317 19:[0]
6511 6318 6318 19:[0]
6510 6268 6268 13:[0]
6509 5825 5825 13:[0]
6508 5828 5828 22:[0]
6507 5836 5836 19:[0]
6534 6356 6373 24:[0]
6533 6322 6322 12:[0]
6532 5861 6323 15:[0]
6531 6325 6325 15:[0]
6530 6327 6327 15:[0]
6529 6330 6330 24:[0]
6528 6332 6332 15:[0]
6526 5849 5849 15:[0]
6525 5381 5381 15:[0]
6524 5384 5384 12:[0]
6523 4930 4930 12:[0]
6522 4474 4474 12:[0]
6521 4486 4486 12:[0]
6520 3609 3609 24:[0]
6519 2857 2857 12:[0]
6518 2480 2480 12:[0]
6517 2498 2498 12:[0]
6553 6335 6335 17:[0]
6552 6343 6343 17:[0]
6551 6346 6346 17:[0]
6550 6347 6347 27:[0]
6549 6351 6351 20:[0]
6548 6352 6352 20:[0]
6547 6353 6353 20:[0]
6546 6368 5887 15:[0]
6545 6361 5890 17:[0]
6544 5857 5857 17:[0]
6543 5858 5858 17:[0]
6542 5398 5398 17:[0]
6541 5022 5022 15:[0]
6540 4944 4944 17:[0]
6539 4952 4952 17:[0]
6538 4490 4490 17:[0]
6537 5822 4089 17:[0]
6536 4057 4057 18:[0]
6563 5910 6395 20:[0]
6562 6355 6355 22:[0]
6561 6358 6358 22:[0]
6560 6359 6359 13:[0]
6559 6360 6360 13:[0]
6558 6363 6363 20:[0]
6557 5865 5865 16:[0]
6556 4919 4919 21:[0]
6555 4506 4506 10:[0]
6554 4449 4449 21:[0]
6582 6388 6408 18:[0]
6581 5905 6409 18:[0]
6580 6365 6365 25:[0]
6579 6367 6367 15:[0]
6578 6370 6370 15:[0]
6577 6372 6372 14:[0]
6576 6375 6375 24:[0]
6575 6376 6376 13:[0]
6574 6362 6362 18:[0]
6573 5872 5872 24:[0]
6572 5877 5877 24:[0]
6571 5855 5855 18:[0]
6570 5413 5413 24:[0]
6569 5046 5046 16:[0]
6568 4680 4680 12:[0]
6567 4628 4628 16:[0]
6566 4517 4517 15:[0]
6565 4010 4010 16:[0]
6602 6378 6378 17:[0]
6601 6380 6380 17:[0]
6600 6381 6381 17:[0]
6599 6387 6387 17:[0]
6598 6389 6389 14:[0]
6597 6390 6390 21:[0]
6596 5468 5932 20:[0]
6595 5913 5913 18:[0]
6594 5891 5891 17:[0]
6593 5899 5899 17:[0]
6592 5497 5488 23:[0]
6591 5418 5418 17:[0]
6590 5421 5421 20:[0]
6589 5424 5424 17:[0]
6588 4973 4973 17:[0]
6587 4974 4974 17:[0]
6586 4976 4976 17:[0]
6585 4986 4986 17:[0]
6584 4087 4087 17:[0]
6583 3284 3284 17:[0]
6612 6405 6414 11:[0]
6611 6399 6399 22:[0]
6610 5904 5904 10:[0]
6609 5470 5470 11:[0]
6608 5436 5436 22:[0]
6607 5437 5437 19:[0]
6606 4554 4554 10:[0]
6605 2900 2900 10:[0]
6604 2914 2914 10:[0]
6603 1852 1852 10:[0]
6628 5186 6458 27:[0]
6627 6406 6466 21:[0]
6626 6401 6401 9:[0]
6625 6402 6402 12:[0]
6624 6410 6410 25:[0]
6623 5912 5912 15:[0]
6622 5916 5916 15:[0]
6621 5917 5917 15:[0]
6620 5923 5923 21:[0]
6619 5953 5909 16:[0]
6618 5446 5446 15:[0]
6617 5450 5450 15:[0]
6616 5455 5455 15:[0]
6615 5460 5460 15:[0]
6614 5009 5009 15:[0]
6613 2552 2552 15:[0]
6638 6426 6426 21:[0]
6637 6430 6430 20:[0]
6636 5987 5987 15:[0]
6635 5928 5928 20:[0]
6634 5938 5938 20:[0]
6633 5417 5417 16:[0]
6632 5426 5426 16:[0]
6631 5407 5407 12:[0]
6630 5025 5025 20:[0]
6629 6424 3360 14:[0]
