1 0 0 0:[0, 199]
3 1 1 1:[0, 99]
6 3 3 2:[0, 299]
7 1 1 1:[100, 199]
8 7 7 2:[100, 199]
10 8 8 3:[100, 199]
11 1 1 1:[100, 399]
12 10 10 4:[100, 199]
15 12 12 5:[100, 199]
18 13 13 3:[100, 199]
17 8 8 3:[100, 299]
16 6 6 3:[100, 199]
19 1 1 1:[100, 299]
20 15 15 6:[100, 299]
21 10 10 4:[100, 199]
24 19 19 2:[100, 199]
23 11 11 2:[100, 299]
22 7 7 2:[100, 299]
25 20 20 7:[100, 299]
29 22 22 3:[200, 399]
27 6 6 3:[200, 299]
31 1 1 1:[200, 299]
37 30 30 9:[200, 399]
41 31 31 2:[200, 399]
44 34 34 5:[200, 399]
45 37 37 10:[200, 299]
49 22 22 3:[200, 299]
47 8 8 3:[200, 299]
46 6 6 3:[200, 299]
52 1 1 1:[200, 299]
54 45 45 11:[200, 499]
57 27 27 4:[200, 399]
64 52 52 2:[200, 499]
61 11 11 2:[200, 299]
66 32 32 7:[200, 299]
65 20 20 7:[200, 299]
67 54 54 12:[200, 399]
75 64 64 3:[200, 299]
72 23 23 3:[200, 399]
71 6 6 3:[200, 399]
77 66 66 8:[200, 299]
79 67 67 13:[200, 399]
80 44 44 6:[200, 299]
82 70 70 11:[200, 299]
90 71 71 4:[200, 299]
89 72 72 4:[200, 299]
88 75 75 4:[200, 299]
87 46 46 4:[200, 299]
86 49 49 4:[200, 299]
85 27 27 4:[200, 399]
84 29 29 4:[200, 299]
83 17 17 4:[200, 299]
91 77 77 9:[200, 299]
95 52 52 2:[200, 299]
94 31 31 2:[200, 299]
93 19 19 2:[200, 499]
92 11 11 2:[200, 399]
97 80 80 7:[200, 299]
96 20 20 7:[200, 399]
99 82 82 12:[200, 399]
98 54 54 12:[200, 299]
102 85 85 5:[300, 399]
100 57 57 5:[300, 399]
105 22 22 3:[300, 399]
116 102 102 6:[300, 899]
119 104 104 11:[300, 399]
124 72 72 4:[300, 499]
123 75 75 4:[300, 599]
121 27 27 4:[300, 499]
133 31 31 2:[300, 399]
139 115 115 7:[300, 399]
138 116 116 7:[300, 399]
141 119 119 12:[300, 399]
140 54 54 12:[300, 499]
148 123 123 5:[300, 499]
147 125 125 5:[300, 399]
150 37 37 10:[300, 399]
157 131 131 3:[300, 399]
155 92 92 3:[300, 399]
151 41 41 3:[300, 599]
165 137 137 8:[300, 399]
164 138 138 8:[300]
162 96 96 8:[300, 499]
161 25 25 8:[300, 399]
167 98 98 13:[300, 399]
166 99 99 13:[300, 499]
175 143 143 6:[300, 499]
174 144 144 6:[300, 499]
172 147 147 6:[300, 499]
168 44 44 6:[300, 399]
184 151 151 4:[300, 399]
181 157 157 4:[300, 699]
180 107 107 4:[300, 399]
178 72 72 4:[300, 399]
185 85 85 5:[300, 599]
187 159 159 7:[300, 699]
186 116 116 7:[300, 699]
191 162 162 9:[300, 399]
190 163 163 9:[300, 399]
189 164 164 9:[300, 699]
188 165 165 9:[300, 499]
193 11 11 2:[300, 499]
198 79 79 14:[300, 399]
203 168 168 7:[300, 499]
200 118 118 7:[300, 399]
218 177 177 5:[300, 399]
217 178 178 5:[300, 399]
214 183 183 5:[300, 399]
213 184 184 5:[300, 499]
212 121 121 5:[300, 399]
208 128 128 5:[300, 399]
207 84 84 5:[300, 399]
206 87 87 5:[300, 399]
205 57 57 5:[300, 399]
220 185 185 6:[300, 699]
219 102 102 6:[300, 399]
223 186 186 8:[300]
221 138 138 8:[300, 599]
227 189 189 10:[300, 699]
226 190 190 10:[300, 399]
225 191 191 10:[300, 399]
224 37 37 10:[300, 399]
236 193 193 3:[300, 399]
235 194 194 3:[300, 399]
233 92 92 3:[300, 399]
231 95 95 3:[300, 399]
230 64 64 3:[300, 399]
237 197 197 8:[300, 399]
244 201 201 8:[300, 599]
243 202 202 8:[300, 499]
242 203 203 8:[300, 399]
240 96 96 8:[300, 399]
245 99 141 13:[300, 599]
247 148 211 6:[300, 399]
249 204 204 13:[300, 399]
261 206 206 6:[300, 399]
259 208 208 6:[300, 599]
258 213 213 6:[300, 399]
257 215 215 6:[300, 399]
254 143 143 6:[300, 399]
253 147 147 6:[300, 399]
263 85 85 5:[300, 399]
267 155 235 4:[300, 499]
266 219 219 7:[300, 399]
265 220 220 7:[300, 499]
264 116 116 7:[300, 399]
271 221 221 9:[300, 699]
270 222 222 9:[300, 699]
269 223 223 9:[300, 799]
268 164 164 9:[300, 699]
273 227 227 11:[300, 599]
272 150 150 11:[300, 399]
283 229 229 4:[300, 399]
281 231 231 4:[300, 499]
280 236 236 4:[300, 399]
279 151 151 4:[300, 399]
277 71 71 4:[300, 499]
276 72 72 4:[300, 399]
275 29 29 4:[300, 399]
290 240 240 9:[300, 399]
289 242 242 9:[300, 399]
288 244 244 9:[300, 499]
286 162 162 9:[300, 399]
285 165 165 9:[300, 399]
291 11 11 2:[300, 399]
294 247 247 7:[300, 399]
293 174 174 7:[300, 899]
299 138 265 8:[300, 399]
298 248 248 14:[300, 399]
297 166 166 14:[300, 399]
296 79 79 14:[300, 599]
310 189 269 10:[300, 599]
309 253 253 7:[300, 399]
308 254 254 7:[300, 399]
307 255 255 7:[300, 499]
306 257 257 7:[300, 599]
305 259 259 7:[300, 399]
304 260 260 7:[300, 399]
303 261 261 7:[300, 399]
302 168 168 7:[300, 399]
301 172 172 7:[300, 499]
300 175 175 7:[300, 399]
313 263 263 6:[300, 699]
312 185 185 6:[300, 699]
311 102 102 6:[300, 399]
318 184 279 5:[300, 399]
317 266 266 8:[300, 399]
316 267 267 5:[300, 399]
315 186 186 8:[300, 899]
314 187 187 8:[300, 499]
320 270 270 10:[300, 499]
319 271 271 10:[300, 499]
323 272 272 12:[300, 399]
322 273 273 12:[300, 499]
321 119 119 12:[300, 399]
335 275 275 5:[300, 399]
334 276 276 5:[300, 499]
333 277 277 5:[300, 399]
332 280 280 5:[300, 399]
331 281 281 5:[300, 499]
330 178 178 5:[300, 399]
329 180 180 5:[300, 399]
328 181 181 5:[300, 399]
327 121 121 5:[300, 399]
326 123 123 5:[300, 399]
325 124 124 5:[300, 399]
324 57 57 5:[300, 399]
336 188 285 10:[400, 499]
340 289 289 10:[400, 499]
351 293 293 8:[400, 599]
350 294 294 8:[400, 499]
352 85 312 7:[400, 599]
368 300 300 8:[400, 699]
366 302 302 8:[400, 499]
363 305 305 8:[400, 499]
360 309 309 8:[400, 499]
359 310 227 11:[400, 499]
369 220 220 7:[400, 699]
374 317 317 9:[400, 499]
373 221 221 9:[400, 599]
378 319 319 11:[400, 499]
386 214 214 6:[400, 499]
383 44 44 6:[400, 699]
395 336 336 11:[400, 699]
398 226 226 11:[400, 499]
412 348 348 4:[400, 799]
404 72 72 4:[400, 499]
403 29 29 4:[400, 599]
416 351 351 9:[400, 499]
419 352 352 8:[400, 499]
418 353 353 8:[400, 899]
424 270 372 10:[400, 499]
423 185 373 10:[400, 599]
421 369 271 10:[400, 599]
435 273 359 12:[400, 599]
427 244 244 9:[400, 499]
442 371 371 8:[400, 499]
441 266 266 8:[400, 499]
439 138 138 8:[400, 499]
445 374 374 10:[400, 499]
443 247 247 7:[400, 499]
448 382 382 14:[400, 499]
446 79 79 14:[400, 499]
458 385 385 7:[400, 499]
456 388 388 7:[400, 499]
452 393 393 7:[400, 499]
449 172 172 7:[400, 499]
468 397 397 12:[400, 499]
465 402 402 12:[400, 499]
464 272 272 12:[400, 499]
463 54 54 12:[400, 499]
480 404 404 5:[400, 499]
478 410 410 5:[400, 499]
475 277 277 5:[400, 499]
473 121 121 5:[400, 799]
472 123 123 5:[400, 599]
471 124 124 5:[400, 499]
483 415 415 10:[400, 499]
481 116 313 7:[400, 699]
487 421 319 11:[400, 499]
497 426 426 10:[400, 499]
492 310 310 11:[400, 499]
490 220 220 7:[400, 499]
488 37 37 10:[400, 499]
506 440 440 15:[400, 499]
505 441 441 9:[400, 499]
502 291 291 3:[400, 599]
500 164 164 9:[400]
499 93 93 3:[400, 699]
508 461 445 11:[400, 499]
512 447 447 15:[400, 599]
522 450 450 8:[400, 499]
521 452 452 8:[400, 499]
520 453 453 8:[400, 499]
518 456 456 8:[400, 599]
517 301 301 8:[400, 499]
516 306 306 8:[400, 499]
515 307 307 8:[400, 499]
514 309 309 8:[400, 499]
513 139 139 8:[400, 499]
524 460 460 13:[400, 499]
526 318 318 6:[400, 499]
527 9 352 8:[400, 499]
549 471 471 6:[400, 499]
548 472 472 6:[400, 499]
546 475 475 6:[400, 499]
545 477 477 6:[400, 499]
543 479 479 6:[400, 499]
542 325 325 6:[400, 699]
541 330 330 6:[400, 499]
539 334 334 6:[400, 699]
538 213 213 6:[400, 499]
537 214 214 6:[400, 499]
535 100 100 6:[400, 599]
554 369 490 8:[400, 499]
553 484 484 11:[400, 499]
550 264 186 8:[400]
561 48 516 9:[400, 499]
560 270 372 10:[400, 499]
558 354 354 10:[400, 699]
563 351 351 9:[400, 499]
577 488 488 11:[400, 499]
576 489 489 11:[400, 499]
573 508 496 11:[400, 599]
570 338 338 11:[400, 499]
568 266 266 8:[400, 499]
586 498 498 4:[400, 499]
584 500 500 10:[400, 599]
581 374 374 10:[400, 499]
579 236 236 4:[400, 499]
578 71 71 4:[400, 499]
588 361 515 9:[400, 499]
590 512 512 16:[400, 499]
604 513 513 9:[400, 599]
602 518 518 9:[400, 499]
600 522 522 9:[400, 499]
596 362 362 9:[400, 499]
594 366 366 9:[400, 599]
593 368 368 9:[400, 699]
591 162 162 9:[400, 499]
606 525 525 14:[400, 499]
608 540 536 7:[400, 499]
610 419 561 10:[400, 499]
609 549 551 9:[400, 499]
613 533 533 14:[400, 499]
612 175 424 11:[400, 499]
629 535 535 7:[400, 499]
628 537 537 7:[400, 499]
627 538 538 7:[400, 499]
626 546 546 7:[400, 499]
625 547 547 7:[400, 599]
624 548 548 7:[400, 499]
622 390 390 7:[400, 499]
621 391 391 7:[400, 599]
620 392 392 7:[400, 499]
619 393 393 7:[400, 499]
634 277 578 5:[400, 599]
633 585 580 5:[400, 499]
636 562 562 5:[400, 499]
635 412 412 5:[400, 499]
646 568 568 9:[400, 499]
645 573 573 12:[400, 499]
644 577 577 12:[400, 699]
639 317 317 9:[400, 499]
638 164 164 9:[400, 699]
637 54 54 12:[400, 499]
656 579 579 5:[400, 499]
653 411 411 5:[400, 499]
652 293 293 8:[400, 499]
650 124 124 5:[400, 499]
649 57 57 5:[400, 599]
657 417 417 10:[400, 499]
667 599 599 10:[400, 499]
666 602 602 10:[400, 499]
665 604 604 10:[400, 499]
664 426 426 10:[400, 599]
662 288 288 10:[400, 499]
661 188 188 10:[400, 499]
677 615 614 15:[400, 499]
676 605 605 15:[400, 499]
674 439 439 9:[400, 499]
672 93 93 3:[400, 499]
680 452 619 8:[400, 499]
681 609 609 10:[400, 499]
686 612 612 12:[400, 499]
684 448 448 15:[400, 499]
682 618 185 6:[400, 499]
703 616 616 8:[400, 599]
702 620 620 8:[400, 499]
701 621 621 8:[400, 499]
700 622 622 8:[400, 499]
699 624 624 8:[400, 499]
697 627 627 8:[400, 499]
695 629 629 8:[400, 499]
694 449 449 8:[400, 599]
693 450 450 8:[400, 499]
692 455 455 8:[400, 499]
691 456 456 8:[400, 499]
690 301 301 8:[400, 499]
688 307 307 8:[400, 499]
687 203 203 8:[400, 499]
704 251 270 10:[400, 599]
708 490 650 6:[400, 499]
707 633 633 6:[400, 599]
706 243 472 6:[400, 599]
705 634 475 6:[400, 499]
709 636 636 6:[400, 499]
714 463 463 13:[400, 599]
713 464 464 13:[400, 499]
712 465 465 13:[400, 499]
711 140 140 13:[400, 499]
726 651 651 6:[400, 499]
723 508 508 12:[400, 499]
721 478 478 6:[400, 499]
720 480 480 6:[400, 599]
718 334 334 6:[400, 499]
716 148 148 6:[400, 499]
730 497 665 11:[400, 499]
729 657 657 11:[400, 599]
728 659 659 11:[400, 499]
731 174 174 7:[400, 499]
741 662 662 11:[400, 499]
740 663 663 11:[400, 499]
739 664 664 11:[400, 499]
738 666 666 11:[400, 499]
737 667 667 11:[400, 499]
736 488 488 11:[400, 499]
734 496 496 11:[400, 499]
732 340 340 11:[400, 499]
746 672 672 4:[400, 499]
744 499 499 4:[400, 499]
748 162 357 9:[400, 499]
751 681 681 11:[400, 499]
750 419 423 11:[400, 799]
757 515 705 7:[400, 499]
756 682 682 7:[400, 499]
755 686 686 13:[400, 499]
754 313 561 10:[400, 499]
753 522 522 9:[400, 499]
752 512 512 16:[400, 499]
780 687 687 9:[400, 499]
779 688 688 9:[400, 499]
778 690 690 9:[400, 499]
777 691 691 9:[400, 499]
776 692 692 9:[400, 499]
775 693 693 9:[400, 499]
774 694 694 9:[400, 499]
773 695 695 9:[400, 499]
772 697 697 9:[400, 499]
771 699 699 9:[400, 499]
770 702 702 9:[400, 499]
769 513 513 9:[400, 499]
768 514 514 9:[400, 499]
767 517 517 9:[400, 499]
766 518 518 9:[400, 499]
765 519 519 9:[400, 599]
764 520 520 9:[400, 599]
763 521 521 9:[400, 599]
762 360 360 9:[400, 499]
761 363 363 9:[400, 499]
760 366 366 9:[400, 499]
758 244 244 9:[400, 499]
784 704 704 11:[400, 499]
783 317 581 11:[400, 499]
782 524 524 14:[400, 499]
781 245 245 14:[400, 499]
792 708 708 7:[400, 699]
791 703 703 9:[400, 499]
790 175 535 7:[400, 499]
789 709 542 7:[400, 499]
788 526 526 7:[400, 499]
787 706 416 10:[400, 499]
793 172 314 9:[400, 599]
798 712 712 14:[400, 499]
796 714 714 14:[400, 499]
795 166 166 14:[400, 499]
811 716 716 7:[400, 499]
810 720 720 7:[400, 499]
809 721 721 7:[400, 499]
808 724 724 7:[400, 499]
807 707 707 7:[400, 599]
806 538 538 7:[400, 699]
805 539 539 7:[400, 499]
804 541 541 7:[400, 599]
803 543 543 7:[400, 499]
802 546 546 7:[400, 499]
801 548 548 7:[400, 499]
799 259 259 7:[400, 499]
816 727 727 12:[400, 499]
815 730 730 12:[400, 599]
814 553 553 12:[400, 499]
813 412 412 5:[400, 599]
812 395 395 12:[400, 499]
819 696 746 5:[400, 499]
817 267 267 5:[400, 499]
833 732 732 12:[400, 599]
832 736 736 12:[400, 499]
830 739 739 12:[400, 699]
829 740 740 12:[400, 499]
828 741 741 12:[400, 499]
827 567 567 12:[400, 499]
825 573 573 12:[400, 599]
824 576 576 12:[400, 499]
823 577 577 12:[400, 499]
822 398 398 12:[400, 599]
821 54 54 12:[400, 499]
838 578 578 5:[400, 499]
837 579 579 5:[400, 499]
836 404 404 5:[400, 599]
835 281 281 5:[400, 499]
834 181 181 5:[400, 499]
841 600 761 10:[400, 499]
840 748 604 10:[400, 499]
839 588 588 10:[400, 499]
846 590 590 17:[500, 699]
867 758 758 10:[500, 699]
862 771 771 10:[500, 599]
859 774 774 10:[500, 599]
853 602 602 10:[500, 699]
850 188 188 10:[500, 599]
874 784 784 12:[500, 599]
872 606 606 15:[500, 799]
878 608 608 8:[500, 599]
877 490 490 8:[500, 699]
882 609 609 10:[500, 599]
881 301 374 10:[500, 599]
884 448 448 15:[500, 599]
901 803 803 8:[500, 599]
895 622 622 8:[500, 799]
894 624 624 8:[500, 599]
892 449 449 8:[500, 599]
889 307 307 8:[500, 599]
904 635 635 6:[500, 599]
934 656 656 6:[500, 599]
932 475 475 6:[500, 599]
930 213 213 6:[500, 599]
940 841 841 11:[500, 799]
945 418 116 7:[500, 699]
955 661 661 11:[500, 699]
953 488 488 11:[500, 599]
952 340 340 11:[500, 599]
968 502 502 4:[500, 699]
967 506 506 16:[500, 699]
966 874 322 13:[500, 599]
977 879 879 9:[500, 599]
974 350 350 9:[500, 599]
981 882 882 11:[500, 599]
988 883 883 16:[500, 599]
986 887 887 16:[500, 599]
984 706 706 7:[500, 599]
1008 893 893 9:[500, 599]
1007 894 894 9:[500, 599]
1005 897 897 9:[500, 599]
1002 687 687 9:[500, 599]
999 702 702 9:[500, 799]
998 514 514 9:[500, 699]
997 515 515 9:[500, 799]
993 363 363 9:[500, 599]
990 244 244 9:[500, 599]
1017 708 708 7:[500, 599]
1028 917 917 14:[500, 599]
1027 919 919 14:[500, 599]
1024 166 166 14:[500, 599]
1039 931 931 7:[500, 799]
1037 936 936 7:[500, 599]
1035 538 538 7:[500, 599]
1032 546 546 7:[500, 599]
1046 939 939 5:[500, 599]
1043 730 730 12:[500, 599]
1041 395 395 12:[500, 599]
1049 181 578 5:[500, 599]
1048 281 586 5:[500, 599]
1053 744 744 5:[500, 699]
1066 960 960 12:[500, 599]
1065 964 964 12:[500]
1064 746 746 5:[500, 599]
1062 741 741 12:[500, 599]
1060 573 573 12:[500, 599]
1058 398 398 12:[500, 599]
1057 54 54 12:[500, 699]
1073 970 970 17:[500, 599]
1070 123 123 5:[500, 599]
1080 753 993 10:[500, 599]
1079 427 995 10:[500, 699]
1074 757 646 10:[500, 799]
1090 984 984 8:[500, 599]
1088 987 987 17:[500, 599]
1087 988 988 17:[500, 799]
1103 758 758 10:[500, 599]
1100 766 766 10:[500, 699]
1097 773 773 10:[500, 599]
1093 594 594 10:[500, 599]
1092 604 604 10:[500, 599]
1114 1021 1021 8:[500, 599]
1112 1020 803 8:[500, 599]
1135 1031 1031 8:[500, 599]
1130 1039 1039 8:[500, 599]
1128 801 801 8:[500]
1127 804 804 8:[500, 599]
1145 1056 1061 11:[500, 699]
1140 1045 1045 13:[500, 599]
1150 1048 1048 6:[500, 599]
1147 634 634 6:[500, 599]
1146 465 148 6:[500, 699]
1167 1057 1057 13:[500, 599]
1164 1060 1060 13:[500, 599]
1163 1062 1062 13:[500, 599]
1162 1065 1065 13:[500, 599]
1159 821 821 13:[500, 599]
1157 828 828 13:[500, 599]
1152 464 464 13:[500, 599]
1151 220 220 7:[500, 599]
1177 1070 1070 6:[500, 599]
1174 836 836 6:[500, 599]
1172 650 650 6:[500, 699]
1171 471 471 6:[500, 799]
1170 480 480 6:[500, 599]
1169 881 441 9:[500, 599]
1190 850 1097 11:[500, 599]
1185 1078 1078 11:[500, 899]
1184 1079 1079 11:[500, 599]
1183 1080 1080 11:[500, 599]
1182 873 873 9:[500, 599]
1179 657 657 11:[500, 599]
1192 1089 1089 18:[500, 699]
1191 843 843 11:[500, 699]
1204 1094 1094 11:[500, 599]
1196 868 868 11:[500, 599]
1194 488 488 11:[500, 599]
1209 499 499 4:[500, 599]
1208 502 502 4:[500, 599]
1219 350 1124 9:[500, 599]
1216 1115 1115 9:[500, 599]
1213 368 518 9:[500, 699]
1220 681 681 11:[500, 599]
1228 1143 1143 7:[500, 599]
1227 1120 1120 16:[500, 599]
1226 1122 914 7:[500, 599]
1223 512 512 16:[500, 599]
1246 1127 1127 9:[500, 699]
1243 1132 1132 9:[500, 599]
1231 520 520 9:[500, 599]
1255 1166 1158 14:[500, 599]
1253 1138 1138 14:[500, 699]
1251 1144 1144 7:[500, 599]
1249 919 917 14:[500, 599]
1248 245 245 14:[500, 599]
1256 915 915 7:[500, 699]
1260 1189 1188 12:[500, 599]
1259 383 939 5:[500, 599]
1258 1168 703 9:[500, 699]
1272 1171 1151 8:[500, 599]
1270 1156 1156 14:[500, 599]
1269 1157 1157 14:[500, 599]
1264 965 965 8:[500, 699]
1263 386 946 5:[500, 599]
1262 924 924 14:[500, 599]
1261 714 714 14:[500, 599]
1285 1170 1170 7:[500, 599]
1284 1172 1172 7:[500, 599]
1283 1173 1173 7:[500, 599]
1281 1177 1177 7:[500, 599]
1279 932 932 7:[500, 699]
1276 539 539 7:[500, 699]
1274 548 548 7:[500, 599]
1294 1179 1179 12:[500, 599]
1289 940 940 12:[500, 599]
1288 729 729 12:[500]
1287 730 730 12:[500, 699]
1286 395 395 12:[500, 699]
1295 964 964 12:[500, 599]
1298 1191 1191 12:[500, 599]
1297 1192 1192 19:[500, 599]
1312 1194 1194 12:[500, 599]
1311 1196 1196 12:[500, 599]
1310 1204 1204 12:[500, 699]
1309 1005 1014 9:[500, 599]
1306 955 955 12:[500, 599]
1305 958 958 12:[500, 699]
1303 741 741 12:[500, 799]
1302 573 573 12:[500, 599]
1301 398 398 12:[500, 599]
1300 54 54 12:[500]
1320 1208 1208 5:[500, 599]
1319 1212 1212 8:[500, 699]
1318 966 966 14:[500, 599]
1316 579 579 5:[500, 599]
1314 181 181 5:[500, 599]
1313 123 123 5:[500, 699]
1332 1244 1252 15:[500, 599]
1330 780 1233 10:[500, 599]
1329 1226 1235 10:[500, 599]
1328 1228 1228 8:[500, 599]
1327 1213 1213 10:[500, 599]
1326 1214 1214 10:[500, 599]
1325 986 986 17:[500, 599]
1324 974 974 10:[500, 599]
1323 977 977 10:[500, 699]
1322 753 753 10:[500, 599]
1334 1222 1222 15:[500, 599]
1340 1227 1227 17:[500, 599]
1339 997 997 10:[500, 599]
1362 1237 1237 10:[500, 599]
1358 993 993 10:[500, 599]
1357 998 998 10:[500, 699]
1356 999 999 10:[500, 599]
1354 1003 1003 10:[500, 599]
1353 1007 1007 10:[500, 699]
1352 1010 1010 10:[500, 599]
1351 758 758 10:[500, 599]
1350 760 760 10:[500, 599]
1349 763 763 10:[500, 599]
1347 768 768 10:[500, 599]
1343 778 778 10:[500, 599]
1342 116 313 7:[500]
1371 312 1264 9:[500, 599]
1370 594 1267 15:[500, 599]
1368 1249 1249 15:[500, 599]
1367 1250 1250 13:[500, 599]
1366 1253 1253 15:[500, 599]
1364 1013 1013 15:[500, 599]
1372 1017 421 11:[500, 799]
1381 1259 1259 6:[500, 699]
1379 815 1045 13:[500, 599]
1378 1278 1046 6:[500, 599]
1377 593 593 10:[500, 599]
1391 1261 1261 15:[500, 599]
1389 1266 1266 15:[500, 599]
1386 1272 1272 9:[500, 799]
1385 1027 1027 15:[500, 599]
1383 1279 441 9:[500, 599]
1406 1281 1281 8:[500, 599]
1405 1283 1283 8:[500, 599]
1403 1285 1285 8:[500, 599]
1401 1035 1035 8:[500, 599]
1400 1037 1037 8:[500, 599]
1399 1039 1039 8:[500, 699]
1398 881 881 11:[500, 699]
1397 801 801 8:[500, 599]
1396 804 804 8:[500, 599]
1395 806 806 8:[500, 899]
1394 808 808 8:[500, 599]
1393 621 621 8:[500, 599]
1392 625 625 8:[500, 599]
1415 1293 1293 13:[500, 599]
1412 1044 1044 13:[500, 599]
1411 1042 644 13:[500, 599]
1419 1065 1065 13:[500, 599]
1418 1048 1048 6:[500, 599]
1422 836 1325 18:[500, 599]
1421 1315 1332 16:[500, 599]
1420 1298 1298 13:[500, 599]
1444 1300 1300 13:[500, 699]
1442 1302 1302 13:[500, 599]
1440 1304 1304 13:[500, 599]
1437 1308 1308 13:[500, 599]
1436 1309 1309 10:[500, 599]
1435 1310 1310 13:[500, 599]
1434 1312 1312 13:[500, 699]
1433 1057 1057 13:[500, 599]
1431 1060 1060 13:[500, 599]
1430 1062 1062 13:[500, 599]
1429 1066 1066 13:[500, 599]
1428 1067 1067 13:[500, 699]
1427 825 825 13:[500, 899]
1426 828 828 13:[500, 699]
1425 830 830 13:[500, 599]
1454 1314 1314 6:[500, 599]
1453 1316 1316 6:[500, 599]
1452 1319 1319 9:[500, 599]
1448 850 850 11:[500, 599]
1447 837 837 6:[500, 599]
1445 472 472 6:[500, 599]
1463 1324 1324 11:[500, 699]
1460 1331 1331 8:[500, 599]
1459 1330 1094 11:[500, 699]
1457 1077 1077 11:[500, 599]
1456 1080 1080 11:[500, 599]
1474 1339 1339 11:[500, 599]
1473 1340 1340 18:[500, 599]
1472 1087 1087 18:[500, 599]
1471 1088 1088 18:[500, 599]
1470 1093 904 7:[500, 599]
1469 846 846 18:[500, 599]
1496 151 1378 7:[500, 599]
1495 1374 1374 9:[500, 599]
1493 1347 1347 11:[500, 599]
1491 1352 1352 11:[500, 599]
1488 1357 1357 11:[500, 599]
1486 1360 1360 11:[500, 599]
1485 1361 1361 11:[500, 599]
1482 1092 1092 11:[500, 599]
1481 1097 1097 11:[500, 599]
1480 1103 1103 11:[500, 599]
1479 853 853 11:[500, 599]
1478 859 859 11:[500, 599]
1505 1364 1364 16:[500, 699]
1503 1369 1369 16:[500, 599]
1502 1366 884 16:[500, 599]
1500 874 874 13:[500, 799]
1499 499 499 4:[500, 599]
1497 506 506 16:[500, 599]
1510 1383 1398 12:[500, 599]
1509 1386 1372 12:[500, 599]
1508 1375 1375 9:[500, 599]
1507 1112 1112 9:[500, 599]
1506 1115 1115 9:[500, 599]
1515 1140 1417 14:[500, 599]
1514 1409 1409 14:[500, 599]
1512 1379 1379 14:[500, 599]
1523 1389 1389 16:[500, 599]
1522 1390 1390 7:[500, 599]
1521 123 1337 9:[500, 599]
1520 894 1182 10:[500, 799]
1519 892 1169 10:[500, 599]
1518 1168 1147 7:[500, 699]
1517 1143 1143 7:[500, 599]
1516 512 512 16:[500, 599]
1538 1396 1396 9:[500, 599]
1537 1400 1400 9:[500, 599]
1536 1401 1401 9:[500, 699]
1535 1405 1405 9:[500, 799]
1534 1406 1406 9:[500, 599]
1533 1127 1127 9:[500, 599]
1532 1128 1128 9:[500, 699]
1531 1131 1131 9:[500, 599]
1530 1134 1134 9:[500, 599]
1529 1135 1135 9:[500, 599]
1528 687 687 9:[500, 599]
1527 694 694 9:[500, 599]
1526 518 518 9:[500, 599]
1525 368 368 9:[500, 599]
1524 244 244 9:[500, 599]
1544 1136 1136 14:[500, 699]
1542 1145 1145 12:[500, 699]
1541 704 704 11:[500, 699]
1540 245 245 14:[500, 599]
1550 548 1445 7:[500, 599]
1549 1453 1447 7:[500, 599]
1548 1432 1432 14:[500, 599]
1547 1422 1174 7:[500, 599]
1546 1146 1146 7:[500, 599]
1552 1421 1421 17:[500, 599]
1551 714 729 12:[500, 599]
1566 1426 1426 14:[500, 599]
1564 1430 1430 14:[500, 799]
1563 1433 1433 14:[500, 599]
1562 1435 1435 14:[500, 599]
1561 1436 1436 11:[500, 599]
1560 1440 1440 14:[500, 599]
1559 1152 1152 14:[500, 599]
1558 1155 1155 14:[500, 599]
1557 1157 1157 14:[500, 599]
1556 1159 1159 14:[500, 599]
1555 1163 1163 14:[500, 599]
1554 1164 1164 14:[500, 699]
1553 1167 1167 14:[500, 599]
1581 1448 1448 12:[500, 599]
1580 1449 1449 19:[500, 599]
1579 1452 1452 10:[500, 599]
1578 1454 1454 7:[500, 599]
1577 1170 1170 7:[500, 799]
1576 1172 1172 7:[500, 699]
1575 1177 1177 7:[500, 799]
1574 930 930 7:[500, 599]
1573 932 932 7:[500, 599]
1572 934 934 7:[500, 599]
1570 539 539 7:[500, 599]
1569 542 542 7:[500, 599]
1568 383 383 7:[500, 599]
1567 259 259 7:[500, 699]
1592 573 1486 12:[500, 599]
1591 1457 1457 12:[500, 599]
1590 1459 1459 12:[500, 599]
1589 1179 1179 12:[500, 599]
1587 1185 1185 12:[500, 599]
1586 1189 1189 12:[500, 599]
1585 1005 1014 9:[500, 599]
1584 940 940 12:[500, 699]
1583 1460 419 9:[500, 699]
1582 395 395 12:[500, 599]
1594 1495 1495 10:[500, 599]
1593 1468 1468 14:[500, 599]
1604 1496 1507 10:[500, 599]
1603 1502 1508 10:[500, 699]
1602 1191 1510 13:[500, 599]
1601 1470 1470 8:[500, 599]
1599 1472 1472 19:[500, 599]
1598 953 1473 19:[500, 599]
1597 952 1228 8:[500, 599]
1596 1478 1213 10:[500, 599]
1595 703 703 9:[500, 599]
1614 1479 1479 12:[500, 599]
1613 1482 1482 12:[500, 599]
1612 1488 1488 12:[500, 599]
1611 1493 1493 12:[500, 599]
1610 981 1264 9:[500, 699]
1609 1194 1194 12:[500, 599]
1608 1196 1196 12:[500, 599]
1607 1204 1204 12:[500, 599]
1606 986 986 17:[500, 599]
1605 955 955 12:[500, 599]
1625 881 1518 8:[500, 599]
1624 1500 1500 14:[500, 699]
1623 1505 1505 17:[500, 599]
1622 1208 1208 5:[500, 599]
1621 1209 1209 5:[500, 599]
1620 1192 1192 19:[500, 599]
1619 966 966 14:[500, 699]
1618 967 967 17:[500, 599]
1616 181 181 5:[500, 599]
1615 123 123 5:[500, 599]
1632 1517 1517 8:[500, 599]
1631 1506 1506 10:[500, 599]
1630 1272 1509 13:[500, 599]
1629 1216 1216 10:[500, 599]
1628 974 974 10:[500, 799]
1627 977 977 10:[500, 599]
1626 313 313 7:[500, 599]
1636 1511 1511 12:[500, 599]
1635 1515 1515 15:[500, 599]
1634 1220 1220 12:[500, 799]
1633 997 997 10:[500, 599]
1643 1519 1519 11:[600, 699]
1641 1523 1523 17:[600, 799]
1664 1526 1526 10:[600, 799]
1663 1527 1527 10:[600, 799]
1659 1231 1231 10:[600, 699]
1658 1243 1243 10:[600, 699]
1646 594 594 10:[600, 699]
1676 1273 1567 8:[600, 699]
1672 1402 1032 8:[600, 699]
1671 1017 1017 8:[600, 699]
1682 1258 1258 10:[600, 699]
1694 1559 1559 15:[600, 699]
1693 1560 1560 15:[600, 699]
1692 1561 1561 12:[600, 799]
1687 1269 1269 15:[600, 699]
1713 1569 1569 8:[600, 699]
1710 352 1342 8:[600, 799]
1708 1281 1281 8:[600, 699]
1702 621 621 8:[600, 699]
1700 1049 481 8:[600, 699]
1724 1592 1592 13:[600, 699]
1716 223 223 9:[600, 699]
1730 1314 1616 6:[600, 799]
1749 1613 1613 13:[600, 699]
1742 1311 1311 13:[600, 799]
1738 1066 1066 13:[600, 699]
1761 1322 1322 11:[600, 699]
1753 472 472 6:[600, 699]
1752 185 185 6:[600, 699]
1770 1323 1323 11:[600, 699]
1763 369 369 8:[600, 799]
1776 1634 1634 13:[600, 699]
1773 1386 1386 10:[600, 699]
1782 1087 1087 18:[600, 699]
1780 846 846 18:[600, 899]
1809 1648 1648 11:[600, 899]
1805 1656 1656 11:[600, 699]
1801 1349 1349 11:[600, 699]
1798 1353 1353 11:[600, 699]
1792 1103 1103 11:[600, 799]
1788 867 867 11:[600, 699]
1815 1667 1667 16:[600, 699]
1814 1364 1364 16:[600, 699]
1819 1673 1673 9:[600, 799]
1834 269 1716 10:[600, 699]
1825 1362 1362 11:[600, 699]
1824 1105 1145 12:[600, 699]
1822 807 807 8:[600, 799]
1841 1685 1685 11:[600, 699]
1839 1696 1696 16:[600, 699]
1837 1698 1698 16:[600, 699]
1836 1385 1385 16:[600, 799]
1860 1702 1702 9:[600, 699]
1858 1705 1705 9:[600, 699]
1852 1399 1399 9:[600]
1850 1127 1127 9:[600, 799]
1849 889 889 9:[600, 799]
1844 244 244 9:[600, 699]
1863 1255 1433 14:[600, 699]
1862 1411 1411 14:[600, 699]
1886 1778 1772 12:[600, 699]
1878 1440 1440 14:[600, 699]
1875 714 714 14:[600, 699]
1899 1753 1753 7:[600, 699]
1896 1453 1453 7:[600, 699]
1895 1171 1171 7:[600, 699]
1893 1174 1174 7:[600, 699]
1887 259 259 7:[600, 699]
1911 805 1791 8:[600, 699]
1908 1763 1763 9:[600, 699]
1907 1769 1769 12:[600]
1905 1459 1459 12:[600, 699]
1902 940 940 12:[600, 699]
1901 395 395 12:[600, 699]
1917 1478 1213 10:[600, 699]
1935 1796 1796 12:[600, 699]
1933 1803 1803 12:[600, 699]
1932 1804 1804 12:[600, 699]
1931 1807 1807 12:[600, 699]
1930 1809 1809 12:[600, 699]
1926 1491 1491 12:[600, 799]
1947 1815 1815 17:[600, 699]
1943 1505 1505 17:[600, 799]
1941 1191 1191 12:[600, 699]
1940 967 967 17:[600, 699]
1938 123 123 5:[600, 799]
1950 1216 1216 10:[600, 699]
1956 813 813 6:[600, 699]
1966 1521 1521 10:[600, 699]
1985 1850 1850 10:[600, 699]
1979 1547 1547 8:[600, 699]
1975 1536 1536 10:[600, 699]
1972 1246 1246 10:[600, 699]
1992 1276 1276 8:[600, 899]
2008 1535 1896 8:[600, 799]
2006 1567 1899 8:[600, 699]
2005 1867 1867 8:[600, 699]
2004 1552 1552 18:[600, 899]
2002 1256 1256 8:[600, 699]
2000 815 815 13:[600, 699]
2013 1874 1874 13:[600, 799]
2012 306 1610 10:[600, 699]
2020 1881 1881 15:[600, 699]
2018 1560 1560 15:[600, 699]
2016 1027 1027 15:[600, 799]
2038 1888 1888 8:[600, 699]
2033 1895 1630 14:[600, 799]
2032 1898 1597 9:[600, 699]
2030 1570 1570 8:[600, 699]
2029 1574 1574 8:[600, 699]
2027 1576 1576 8:[600, 699]
2051 1901 1901 13:[600, 899]
2047 1911 1911 9:[600, 699]
2046 1590 1590 13:[600, 699]
2043 1294 1294 13:[600, 699]
2040 1046 1046 6:[600, 699]
2056 1913 1913 16:[600, 799]
2061 1917 1917 11:[600, 799]
2058 1603 1603 11:[600, 799]
2078 1926 1926 13:[600, 799]
2077 1927 1927 13:[600, 699]
2074 1936 1936 13:[600, 699]
2073 1632 1632 9:[600, 699]
2067 1310 1310 13:[600, 799]
2064 1058 1058 13:[600, 699]
2062 644 644 13:[600, 699]
2089 1938 1938 6:[600, 699]
2088 1943 1943 18:[600, 699]
2086 1948 1948 18:[600, 699]
2085 1616 1616 6:[600, 699]
2084 1313 1313 6:[600, 699]
2082 1070 1070 6:[600, 699]
2095 1955 1955 16:[600, 699]
2093 1628 1628 11:[600, 699]
2092 1323 1323 11:[600]
2091 1309 1309 10:[600, 699]
2106 1960 1960 16:[600, 699]
2105 1962 1962 16:[600, 699]
2118 1372 2001 9:[600, 799]
2143 1968 1968 11:[600, 899]
2135 1648 1648 11:[600, 699]
2133 1659 1659 11:[600, 699]
2132 1663 1663 11:[600, 699]
2131 1428 1428 14:[600, 699]
2129 1350 1350 11:[600, 699]
2128 1351 1351 11:[600, 899]
2126 1354 1354 11:[600, 799]
2125 1357 1357 11:[600, 699]
2123 1097 1097 11:[600, 699]
2122 1100 1100 11:[600, 699]
2153 1993 1993 16:[600, 699]
2151 1998 1998 16:[600, 699]
2150 1709 1709 14:[600, 799]
2145 412 412 5:[600, 899]
2162 1677 2036 9:[600, 699]
2160 2000 2000 14:[600, 699]
2157 1672 1672 9:[600, 899]
2156 1674 1674 9:[600, 699]
2167 2010 2010 11:[600, 799]
2165 1681 1681 14:[600, 699]
2168 512 512 16:[600, 699]
2195 2024 2024 9:[600, 699]
2193 2027 2027 9:[600, 799]
2192 2028 2028 9:[600, 699]
2191 2029 2029 9:[600, 699]
2189 2033 2033 15:[600, 699]
2188 2037 2037 9:[600, 899]
2187 2039 2039 9:[600, 699]
2186 2034 1750 11:[600, 699]
2183 1708 1708 9:[600, 699]
2180 1692 1692 13:[600, 699]
2178 1399 1399 9:[600, 699]
2177 889 889 9:[600, 699]
2201 2048 2048 14:[600, 799]
2200 1724 1724 14:[600, 699]
2198 1415 1415 14:[600, 699]
2197 1145 1145 12:[600, 699]
2204 1146 1146 7:[600, 699]
2209 2061 2061 12:[600, 699]
2224 2065 2065 14:[600, 699]
2223 2067 2067 14:[600, 799]
2222 2074 2074 14:[600, 699]
2218 1737 1737 14:[600, 699]
2212 1444 1444 14:[600]
2237 2085 2085 7:[600, 699]
2236 2088 2088 19:[600, 699]
2235 1753 1753 7:[600, 799]
2232 1171 1171 7:[600, 699]
2230 930 930 7:[600, 699]
2229 932 932 7:[600, 699]
2227 535 535 7:[600, 899]
2226 539 539 7:[600, 899]
2247 2110 1831 12:[600, 799]
2246 1767 1767 12:[600, 699]
2243 1463 1463 12:[600, 799]
2241 940 940 12:[600, 799]
2240 395 395 12:[600, 699]
2258 2106 2106 17:[600, 899]
2257 1803 1803 12:[600, 799]
2262 1780 1780 19:[600, 699]
2279 2120 2120 12:[600, 799]
2278 2123 2123 12:[600, 699]
2276 2131 2131 15:[600, 799]
2275 2132 2132 12:[600, 699]
2274 2135 2135 12:[600, 699]
2271 1815 1815 17:[600, 699]
2270 1798 1798 12:[600, 799]
2268 1809 1809 12:[600, 699]
2266 1481 1481 12:[600, 699]
2294 1836 2171 17:[600, 699]
2293 2146 2146 14:[600, 699]
2292 2147 2147 17:[600, 699]
2291 2150 2150 15:[600, 699]
2290 2151 2151 17:[600, 699]
2289 2153 2153 17:[600, 699]
2287 1814 1814 17:[600, 799]
2286 1531 1531 10:[600, 799]
2285 1497 1497 17:[600, 699]
2283 1505 1505 17:[600, 699]
2281 481 481 8:[600, 799]
2280 123 123 5:[600, 699]
2302 2161 2161 10:[600, 799]
2299 1818 1818 10:[600, 699]
2296 1213 1213 10:[600, 699]
2295 1191 1191 12:[600, 699]
2308 2165 2165 15:[600, 699]
2307 1861 1912 12:[600, 899]
2306 1547 1547 8:[600, 699]
2315 2168 2168 17:[600, 799]
2314 2169 2169 17:[600, 699]
2313 1837 1837 17:[600, 699]
2309 1276 1276 8:[600, 799]
2339 2178 2178 10:[600, 799]
2338 2179 2179 10:[600, 699]
2335 2188 2188 10:[600, 699]
2334 2189 2189 16:[600, 699]
2333 2190 2190 11:[600, 699]
2332 2193 2193 10:[600, 699]
2330 1844 1844 10:[600, 799]
2328 1852 1852 10:[600, 799]
2327 1857 1857 10:[600, 699]
2324 1532 1532 10:[600, 799]
2322 1536 1536 10:[600, 699]
2321 1428 1428 14:[600, 699]
2317 2202 793 10:[600, 699]
2316 189 189 10:[600, 699]
2346 1027 1863 15:[600, 699]
2344 1541 1541 12:[600, 699]
2343 1542 1542 13:[600, 699]
2342 1544 1544 15:[600, 699]
2355 2203 2203 8:[600, 699]
2354 1567 1899 8:[600, 699]
2353 1554 1279 8:[600, 799]
2352 1256 1256 8:[600, 699]
2361 2214 1910 13:[600, 699]
2359 1260 1260 13:[600, 699]
2376 2213 2213 15:[600, 699]
2375 2216 2216 15:[600, 699]
2374 2218 2218 15:[600, 699]
2373 2223 2223 15:[600, 699]
2372 1875 1875 15:[600, 699]
2371 1878 1878 15:[600, 699]
2370 1879 1879 15:[600, 699]
2369 1822 1822 9:[600, 699]
2367 1560 1560 15:[600, 799]
2366 1562 1562 15:[600, 699]
2364 1564 1564 15:[600, 699]
2363 2237 1049 6:[600, 699]
2386 1894 1894 8:[600, 699]
2385 1895 1895 8:[600, 699]
2383 1574 1574 8:[600, 699]
2380 1285 1285 8:[600, 699]
2379 1039 1039 8:[600, 699]
2378 806 806 8:[600, 799]
2403 2244 2244 13:[600, 699]
2402 2246 2246 13:[600, 799]
2401 2249 2249 18:[600, 699]
2400 2256 1926 13:[600, 799]
2399 1901 1901 13:[600, 699]
2397 1911 1911 9:[600, 699]
2396 1624 1624 15:[600, 699]
2395 1286 1286 13:[600, 699]
2394 1287 1287 13:[600, 899]
2393 1289 1289 13:[600, 899]
2406 2258 2258 18:[600, 699]
2415 2300 2295 13:[600, 799]
2413 2262 2262 20:[600, 699]
2411 1917 1917 11:[600, 699]
2410 1919 1919 20:[600, 699]
2433 2266 2266 13:[600, 699]
2432 2269 2269 13:[600, 699]
2428 1947 1947 18:[600, 699]
2426 1927 1927 13:[600, 899]
2424 1932 1932 13:[600, 699]
2423 1632 1632 9:[600, 699]
2422 1302 1302 13:[600, 699]
2421 1303 1303 13:[600, 699]
2417 830 830 13:[600, 699]
2449 2287 2287 18:[600, 699]
2447 1998 2290 18:[600, 699]
2446 2291 2291 16:[600, 799]
2445 2292 2292 18:[600, 699]
2444 2293 2293 15:[600, 699]
2442 1938 1938 6:[600, 699]
2441 1943 1943 18:[600, 699]
2440 1948 1948 18:[600, 699]
2439 1687 1687 16:[600, 699]
2437 1619 1619 15:[600, 699]
2436 1313 1313 6:[600, 699]
2435 473 221 9:[600, 699]
2461 2296 2296 11:[600, 699]
2458 2227 2227 8:[600, 699]
2457 2012 2012 11:[600, 799]
2456 2320 1985 11:[600, 699]
2455 1941 1941 13:[600, 699]
2454 1627 1627 11:[600, 699]
2451 1079 1079 11:[600, 799]
2464 1634 1634 13:[600, 699]
2474 2033 2033 15:[600, 799]
2473 472 2006 9:[600, 699]
2472 1992 1992 9:[600, 699]
2470 2331 1672 9:[600, 699]
2469 1641 1641 18:[600, 699]
2468 1643 1643 12:[600, 799]
2467 1087 1087 18:[600, 699]
2499 1424 2359 14:[600, 699]
2498 2317 2317 11:[600, 899]
2497 2321 2321 15:[600, 699]
2496 2322 2322 11:[600, 699]
2495 2326 2326 13:[600, 799]
2494 2329 2329 11:[600, 699]
2493 1999 2332 11:[600, 799]
2492 2333 2333 12:[600, 799]
2491 2335 2335 11:[600, 699]
2490 2131 2131 15:[600, 699]
2488 1975 1975 11:[600, 699]
2487 1978 1978 11:[600, 699]
2486 1645 1645 11:[600, 799]
2485 1646 1646 11:[600, 699]
2483 1663 1663 11:[600, 699]
2482 1353 1353 11:[600, 699]
2481 1357 1357 11:[600, 699]
2480 1097 1097 11:[600]
2479 853 853 11:[600, 699]
2478 867 867 11:[600, 799]
2508 2031 2371 16:[600, 699]
2507 2341 2341 16:[600, 699]
2504 1559 2016 16:[600, 699]
2503 2000 2000 14:[600, 699]
2502 2004 2004 19:[600, 699]
2501 872 872 16:[600, 699]
2500 499 499 4:[600, 699]
2516 2351 2351 9:[600, 699]
2515 2352 2352 9:[600, 699]
2514 2354 2354 9:[600, 699]
2511 2001 2001 9:[600, 699]
2510 1676 1676 9:[600, 699]
2509 1372 1372 12:[600, 699]
2523 2040 2040 7:[600, 699]
2522 2013 2013 14:[600, 699]
2521 1677 1677 11:[600, 899]
2519 1381 1381 7:[600, 899]
2518 1332 1332 16:[600, 699]
2531 2404 2404 21:[600, 699]
2530 2363 2363 7:[600, 699]
2529 2364 2364 16:[600, 699]
2528 2367 2367 16:[600, 699]
2527 1145 2369 10:[600, 699]
2526 2375 2375 16:[600, 699]
2524 1693 1693 16:[600, 699]
2545 2380 2380 9:[600, 699]
2544 2383 2383 9:[600, 899]
2543 2384 2384 9:[600, 699]
2542 2386 2386 9:[600, 699]
2541 2387 2387 9:[600, 699]
2540 2095 2058 12:[600, 699]
2538 2029 2029 9:[600]
2535 2038 2038 9:[600, 699]
2534 1702 1702 9:[600, 699]
2533 1428 1428 14:[600, 699]
2532 368 368 9:[600, 699]
2557 2391 2391 11:[600, 699]
2556 2393 2393 14:[600, 699]
2555 2394 2394 14:[600, 699]
2554 2400 2400 14:[600, 699]
2553 2402 2067 14:[600, 699]
2552 2046 2046 14:[600]
2551 2047 2047 10:[600, 699]
2550 2050 2050 14:[600, 699]
2549 2051 2051 14:[600, 699]
2548 2008 2008 9:[600, 699]
2547 1724 1724 14:[600, 699]
2546 1692 1692 13:[600, 799]
2562 1753 2084 7:[600, 699]
2561 2073 2073 10:[600, 699]
2560 1730 1730 7:[600, 699]
2559 1583 1583 10:[600, 699]
2558 1146 1146 7:[600, 699]
2571 2407 2407 11:[600, 799]
2570 2411 2411 12:[600, 699]
2569 1427 2151 17:[600, 799]
2568 2061 2061 12:[600, 799]
2567 1761 1761 12:[600, 699]
2566 1731 1731 12:[600, 799]
2565 1671 1671 9:[600, 899]
2564 2435 750 12:[600]
2587 539 2464 14:[600, 699]
2586 2451 2451 12:[600, 699]
2585 2416 2416 14:[600, 699]
2584 2417 2417 14:[600, 699]
2583 2421 2421 14:[600, 699]
2582 2422 2422 14:[600, 699]
2581 2424 2424 14:[600, 699]
2580 2426 2426 14:[600, 699]
2579 2427 2427 14:[600, 699]
2577 2074 2074 14:[600, 699]
2576 2078 2078 14:[600, 699]
2574 1738 1738 14:[600, 699]
2573 1742 1742 14:[600, 799]
2572 1749 1749 14:[600, 899]
2602 2436 2436 7:[600, 699]
2601 2437 2437 16:[600, 699]
2600 2440 2440 19:[600, 699]
2599 2442 2442 7:[600, 699]
2598 2445 2445 19:[600, 699]
2597 2449 2449 19:[600, 699]
2596 2085 2085 7:[600, 699]
2595 2086 2086 19:[600, 699]
2594 2088 2088 19:[600, 799]
2593 2089 2089 7:[600, 699]
2592 1776 1908 10:[600, 699]
2590 932 932 7:[600, 699]
2589 542 542 7:[600, 699]
2588 383 383 7:[600, 799]
2617 1798 2482 12:[600, 699]
2616 2132 2487 12:[600, 699]
2615 2454 2454 12:[600, 699]
2614 2457 2457 12:[600, 699]
2613 288 2458 9:[600, 699]
2612 2461 2461 12:[600, 699]
2611 2093 2093 12:[600, 799]
2610 2094 2094 12:[600, 899]
2609 1770 1770 12:[600, 699]
2608 1459 1459 12:[600, 799]
2607 1463 1463 12:[600, 699]
2606 1185 1185 12:[600, 799]
2605 940 940 12:[600, 699]
2604 395 395 12:[600, 799]
2619 1585 2500 5:[600, 699]
2618 2091 2091 11:[600, 699]
2627 2129 2513 10:[600, 899]
2626 2467 2467 19:[600, 699]
2625 2470 2470 10:[600, 699]
2624 2472 2472 10:[600, 699]
2623 2473 2473 10:[600, 699]
2622 2118 2118 10:[600, 699]
2621 1780 1780 19:[600, 799]
2620 1782 1782 19:[600, 699]
2646 2167 2521 12:[600, 699]
2645 2478 2478 12:[600, 699]
2644 2479 2479 12:[600, 699]
2643 2480 2480 12:[600, 699]
2642 2481 2481 12:[600, 699]
2640 2490 2490 16:[600, 699]
2639 2492 2492 13:[600, 699]
2638 2493 2493 12:[600, 799]
2637 2497 2497 16:[600, 799]
2636 2499 2499 15:[600, 699]
2635 2125 2125 12:[600, 699]
2634 2126 2126 12:[600, 699]
2633 2133 2133 12:[600, 699]
2632 2135 2135 12:[600, 699]
2631 2143 2143 12:[600, 699]
2630 1788 1788 12:[600, 699]
2629 1801 1801 12:[600, 699]
2628 1809 1809 12:[600, 799]
2657 1837 2526 17:[600, 699]
2656 2501 2501 17:[600, 699]
2655 2502 2502 20:[600, 699]
2654 2507 2507 17:[600, 699]
2653 2153 2153 17:[600, 699]
2652 2106 2106 17:[600, 699]
2651 1814 1814 17:[600, 799]
2650 1500 1500 14:[600, 699]
2649 1505 1505 17:[600, 699]
2648 968 968 5:[600, 699]
2647 181 181 5:[600, 699]
2668 2509 2509 13:[600, 799]
2667 2514 2514 10:[600, 699]
2666 1191 2177 10:[600, 699]
2665 2178 2178 10:[600, 699]
2664 2471 2187 10:[600, 699]
2663 2195 2195 10:[600, 699]
2662 2156 2156 10:[600, 699]
2661 2162 2162 10:[600, 699]
2660 999 2131 15:[600, 699]
2659 2157 1849 10:[600, 699]
2658 1213 1213 10:[600, 799]
2671 2545 2545 10:[600, 699]
2670 2518 2518 17:[600, 699]
2669 1319 1319 9:[600, 799]
2678 2527 2527 11:[600, 699]
2677 2529 2529 17:[600, 699]
2676 2530 2530 8:[600, 699]
2675 1836 1836 17:[600, 699]
2674 1839 1839 17:[600, 699]
2673 1518 1518 8:[600, 699]
2672 1520 1520 11:[600, 699]
2688 1844 1844 10:[700]
2685 1858 1858 10:[700]
2684 1860 1860 10:[700, 799]
2681 1700 1258 10:[700, 799]
2680 1246 1246 10:[700, 799]
2704 2552 2552 15:[700, 799]
2698 1541 1541 12:[700]
2697 1542 1542 13:[700, 799]
2696 1544 1544 15:[700, 899]
2719 2566 2566 13:[700, 799]
2718 2567 2567 13:[700, 799]
2733 2580 2580 15:[700, 799]
2729 2212 2212 15:[700]
2726 2224 2224 15:[700, 799]
2723 1825 1825 12:[700, 799]
2754 2594 2594 20:[700, 899]
2753 2595 2595 20:[700, 799]
2752 2596 2596 8:[700, 799]
2750 2033 2334 17:[700, 799]
2742 1575 1575 8:[700, 799]
2770 2604 2604 13:[700, 899]
2767 2612 2612 13:[700, 799]
2764 1905 1905 13:[700, 799]
2774 2651 2649 18:[700, 799]
2786 2620 2620 20:[700, 799]
2785 2621 2621 20:[700, 799]
2782 2286 2286 11:[700, 799]
2790 1935 1935 13:[700, 799]
2787 1057 1057 13:[700, 799]
2818 2650 2650 15:[700, 799]
2814 2287 2287 18:[700, 899]
2805 1619 1619 15:[700, 799]
2831 1634 1634 13:[700, 799]
2837 1087 1087 18:[700, 799]
2857 2686 2686 11:[700]
2853 2327 2327 11:[700, 799]
2848 1985 1985 11:[700, 799]
2846 1659 1659 11:[700, 799]
2844 2681 945 8:[700, 799]
2872 2737 2724 16:[700, 799]
2865 2343 2343 14:[700, 799]
2863 2401 2016 16:[700, 799]
2879 2712 2712 9:[700, 899]
2878 2698 2698 13:[700, 799]
2877 2355 2355 9:[700, 799]
2874 1372 1372 12:[700, 799]
2914 2739 2739 9:[700]
2913 2741 2741 9:[700, 799]
2912 2746 2746 12:[700, 799]
2907 2446 2446 17:[700, 799]
2906 2447 2447 19:[700, 799]
2905 2378 2378 9:[700, 799]
2901 2027 2027 9:[700, 799]
2900 1702 1702 9:[700]
2897 1128 1128 9:[700]
2921 2761 2761 17:[700, 799]
2919 2395 2395 14:[700, 799]
2917 2051 2051 14:[700, 799]
2928 2150 2150 15:[700, 799]
2937 2779 2779 19:[700, 799]
2951 2798 2798 14:[700, 799]
2949 2803 2803 14:[700, 799]
2964 2819 2819 19:[700, 899]
2958 1172 1172 7:[700, 799]
2957 539 539 7:[700, 799]
2978 2830 2830 12:[700, 799]
2975 2454 2454 12:[700, 799]
2974 2468 2132 12:[700, 799]
2970 395 395 12:[700, 799]
2983 2832 2832 14:[700, 799]
2991 2157 2879 10:[700, 799]
2989 2839 2839 19:[700, 799]
3017 2845 2845 12:[700, 799]
3014 2519 2528 17:[700, 799]
3005 2492 2492 13:[700, 799]
3004 2493 2493 12:[700, 799]
3002 2123 2123 12:[700, 799]
3001 2125 2125 12:[700, 799]
3000 2126 2126 12:[700, 799]
2998 2143 2143 12:[700]
2997 1788 1788 12:[700, 799]
2993 1276 1276 8:[700, 799]
3033 2012 2861 11:[700, 799]
3024 2504 2504 17:[700, 899]
3023 2508 2508 17:[700, 799]
3019 968 968 5:[700, 799]
3037 2276 2490 16:[700, 899]
3044 2521 418 9:[700, 799]
3053 2889 2889 17:[700, 799]
3052 2892 2892 14:[700, 799]
3049 1839 1839 17:[700, 799]
3073 2900 2900 10:[700, 799]
3069 2910 2910 10:[700, 799]
3067 2913 2913 10:[700, 799]
3065 2535 2535 10:[700, 799]
3061 1844 1844 10:[700, 899]
3060 1849 1849 10:[700, 799]
3057 1536 1536 10:[700, 899]
3086 2956 2992 14:[700, 799]
3084 2920 2920 15:[700, 899]
3083 2550 2550 15:[700, 799]
3078 2201 2201 15:[700, 799]
3076 1862 1862 15:[700, 799]
3074 1253 1253 15:[700, 899]
3093 2602 2960 8:[700, 899]
3092 2596 2962 8:[700, 799]
3095 2257 2257 13:[700, 799]
3094 2209 2209 13:[700, 799]
3112 2942 2942 15:[700, 899]
3111 2947 2947 15:[700]
3107 2583 2583 15:[700, 799]
3102 1875 1875 15:[700, 799]
3131 2958 2958 8:[700, 799]
3127 2966 2966 20:[700, 799]
3126 2594 2594 20:[700, 799]
3125 2595 2595 20:[700, 799]
3124 2548 2548 10:[700, 799]
3121 1896 1896 8:[700, 799]
3120 1567 1567 8:[700, 799]
3119 1575 1575 8:[700, 799]
3147 2974 2974 13:[700, 799]
3145 2976 2976 11:[700, 799]
3140 2286 2286 11:[700, 799]
3139 2241 2241 13:[700, 799]
3138 2246 2246 13:[700, 799]
3133 1053 1053 6:[700, 799]
3152 2623 3026 18:[700, 799]
3164 2984 2984 20:[700, 799]
3155 1979 1979 9:[700, 799]
3187 3043 3043 9:[700, 799]
3186 2993 2993 9:[700, 799]
3185 2994 2994 13:[700, 799]
3183 3002 3002 13:[700, 799]
3180 3006 3006 13:[700, 899]
3179 3012 3012 16:[700, 899]
3176 3017 3017 13:[700, 799]
3175 3018 3018 10:[700, 899]
3169 1926 1926 13:[700, 799]
3167 1932 1932 13:[700, 799]
3199 3028 3028 18:[700, 799]
3192 2292 2292 18:[700, 799]
3189 1863 1863 15:[700, 799]
3210 2664 2664 11:[700, 799]
3209 2666 2666 11:[700, 799]
3206 2302 2302 11:[700, 799]
3205 1628 1628 11:[700, 799]
3204 1323 1323 11:[700, 799]
3214 2307 2307 13:[700, 799]
3212 186 189 10:[700, 799]
3217 1087 1087 18:[700, 899]
3244 3056 3056 11:[700, 899]
3243 3060 3060 11:[700, 899]
3240 3066 3066 19:[700, 799]
3239 3093 3068 11:[700, 799]
3233 2447 2447 19:[700, 799]
3231 2335 2335 11:[700, 799]
3229 1663 1663 11:[700, 799]
3225 223 223 9:[700, 899]
3257 3076 3076 16:[700, 799]
3255 3081 3081 16:[700]
3253 3083 3083 16:[700, 799]
3247 2344 2344 13:[700, 799]
3246 872 872 16:[700, 799]
3245 271 271 10:[700, 799]
3266 1713 3130 9:[700, 799]
3263 2718 2718 14:[700, 799]
3260 2006 2006 9:[700, 899]
3273 3096 3096 14:[700, 799]
3272 3098 3098 19:[700, 799]
3270 2719 2719 14:[700, 799]
3268 2013 2013 14:[700, 799]
3285 3133 3133 7:[700, 799]
3284 3101 3101 16:[700]
3283 3107 3107 16:[700, 799]
3281 2738 2738 9:[700, 799]
3280 2726 2726 16:[700, 799]
3278 2734 2734 16:[700]
3276 2016 2016 16:[700, 899]
3306 3117 3117 9:[700, 899]
3299 2774 2774 19:[700, 799]
3298 2739 2739 9:[700, 799]
3297 2741 2741 9:[700, 799]
3292 2380 2380 9:[700, 799]
3289 2027 2027 9:[700, 799]
3287 1399 1399 9:[700, 799]
3318 3135 3135 12:[700, 799]
3314 2780 2780 8:[700, 899]
3313 2764 2764 14:[700, 799]
3308 1761 1761 12:[700, 799]
3307 1724 1724 14:[700, 799]
3327 3149 3149 16:[700, 899]
3321 2056 2056 17:[700, 799]
3320 1730 1730 7:[700, 799]
3349 3166 3166 14:[700, 799]
3348 3167 3167 14:[700, 799]
3347 3173 3173 14:[700, 799]
3345 3177 3177 14:[700, 799]
3343 3186 3186 10:[700, 799]
3341 2788 2788 14:[700, 799]
3339 2794 2794 14:[700, 799]
3336 2432 2432 14:[700, 799]
3361 3195 3195 19:[700, 899]
3360 3196 3196 13:[700]
3357 3200 3200 19:[700, 799]
3354 2773 2773 16:[700, 799]
3353 2503 2502 20:[700, 799]
3352 2444 2444 16:[700, 799]
3351 2085 2085 7:[700, 799]
3368 3209 3209 12:[700, 799]
3365 2592 1763 9:[700, 799]
3364 940 940 12:[700, 799]
3371 2872 3252 17:[700, 799]
3379 3188 3188 10:[700, 799]
3377 2837 2837 19:[700, 799]
3376 2839 2839 19:[700, 799]
3374 2455 2455 14:[700, 799]
3401 3225 3225 10:[700, 799]
3397 2848 2848 12:[700, 799]
3395 2857 2857 12:[700, 799]
3392 2481 2481 12:[700, 899]
3391 2493 2493 12:[700, 799]
3387 2143 2143 12:[700, 899]
3386 2008 2008 9:[700, 799]
3385 1801 1801 12:[700, 899]
3384 1809 1809 12:[700, 899]
3408 3257 3257 17:[700, 799]
3404 2501 2501 17:[700, 799]
3403 1500 1500 14:[700, 799]
3402 1428 1428 14:[700, 899]
3420 1849 3306 10:[700, 799]
3414 2879 2879 10:[700, 799]
3412 2495 2495 14:[700, 799]
3424 3294 3294 13:[700, 799]
3422 3271 3271 15:[700, 799]
3421 3272 3272 20:[700, 799]
3432 3279 3279 17:[700, 799]
3431 3283 3283 17:[700, 899]
3429 2888 2888 17:[700, 799]
3427 1836 1836 17:[700, 799]
3425 1520 1520 11:[700]
3455 3287 3287 10:[700, 799]
3453 3292 3292 10:[700, 899]
3450 3299 3299 20:[700, 799]
3448 3302 3302 22:[700, 799]
3447 3303 3303 12:[700, 799]
3446 2899 2899 10:[700, 799]
3442 2909 2909 22:[700, 799]
3438 3312 2566 13:[700, 799]
3437 2188 2188 10:[700, 799]
3436 2193 2193 10:[700, 799]
3467 3309 3309 15:[700, 799]
3466 3314 3314 9:[700, 799]
3462 2881 2881 10:[700, 799]
3461 2551 2551 11:[700, 799]
3460 2552 2552 15:[700, 799]
3459 2553 2553 15:[700, 799]
3458 2198 2198 15:[700, 799]
3475 3327 3327 17:[700, 799]
3474 1577 2985 11:[700, 799]
3473 2937 2937 20:[700, 899]
3472 2932 2932 17:[700, 799]
3481 3330 3330 13:[700, 799]
3480 2993 2993 9:[700, 799]
3477 3341 2246 13:[700, 799]
3491 3336 3336 15:[700, 799]
3490 3348 3348 15:[700, 799]
3488 2942 2942 15:[700, 799]
3487 2949 2949 15:[700]
3486 2951 2951 15:[700, 799]
3483 1664 1664 11:[700, 799]
3482 1564 1564 15:[700, 799]
3510 2627 3378 11:[700, 899]
3509 3352 3352 17:[700]
3507 3354 3354 17:[700, 799]
3503 2957 2957 8:[700, 799]
3501 2964 2964 20:[700, 799]
3500 2588 2588 8:[700, 799]
3499 2594 2594 20:[700, 799]
3498 2595 2595 20:[700, 899]
3497 2602 2602 8:[700, 799]
3495 2235 2235 8:[700, 899]
3494 2237 2237 8:[700, 799]
3519 3368 3368 13:[700, 899]
3518 2975 2975 13:[700, 799]
3516 2604 2604 13:[700, 799]
3515 2608 2608 13:[700, 799]
3513 2241 2241 13:[700, 799]
3512 1907 1907 13:[700, 899]
3511 412 223 9:[700, 799]
3524 2533 3402 15:[700, 799]
3523 3370 3370 18:[700, 799]
3521 1943 2651 18:[700, 799]
3520 1992 1992 9:[700]
3534 3375 3375 11:[700, 799]
3530 1313 3043 9:[700, 799]
3527 2621 2621 20:[700, 899]
3526 3014 2528 17:[700, 799]
3525 2401 2401 19:[700, 799]
3550 3396 3396 13:[700, 799]
3546 3002 3002 13:[700, 799]
3544 3005 3005 14:[700, 899]
3542 2628 2628 13:[700, 799]
3541 2638 2638 13:[700, 799]
3540 2446 2446 17:[700, 799]
3539 2270 2270 13:[700, 799]
3537 1926 1926 13:[700, 899]
3536 1303 1303 13:[700, 799]
3564 3406 3406 16:[700, 799]
3561 3019 3019 6:[700, 799]
3560 3028 3028 18:[700, 799]
3559 2283 2283 18:[700, 799]
3557 2292 2292 18:[700, 799]
3556 1938 1938 6:[700, 799]
3554 473 473 6:[700, 899]
3575 3412 3412 15:[700, 799]
3574 3414 3414 11:[700, 799]
3573 3039 3039 14:[700, 799]
3572 2804 3043 9:[700]
3568 2302 2302 11:[700, 799]
3567 1628 1628 11:[700]
3566 1074 1074 11:[700, 799]
3582 3065 3462 11:[700, 799]
3581 3421 3421 21:[700, 899]
3580 3422 3422 16:[700, 799]
3577 2308 2308 16:[700, 799]
3576 2004 2004 19:[700, 799]
3593 3426 3426 18:[700, 799]
3592 3427 3427 18:[700, 799]
3591 3430 3430 18:[700, 799]
3590 3431 3431 18:[700, 799]
3589 3432 3432 18:[700, 799]
3587 3053 3053 18:[700, 799]
3585 1641 1641 18:[700, 799]
3584 3075 1372 12:[700, 899]
3583 1087 1087 18:[700, 799]
3612 3436 3436 11:[700, 799]
3610 3439 3439 14:[700, 799]
3609 3442 3442 23:[700]
3608 3443 3443 11:[700, 799]
3607 3446 3446 11:[700, 799]
3606 3448 3448 23:[700, 899]
3602 3068 3068 11:[700, 799]
3599 2681 2681 11:[700, 799]
3598 2685 2685 11:[700, 799]
3597 2688 2688 11:[700, 799]
3596 2328 2328 11:[700, 899]
3595 2295 2295 13:[700, 799]
3631 3475 3489 16:[700, 799]
3630 3111 3491 16:[700, 899]
3629 3459 3459 16:[700, 799]
3628 3460 3460 16:[700, 899]
3626 3465 3465 14:[700, 799]
3625 3466 3466 10:[700, 899]
3623 2733 3112 16:[700, 799]
3618 2718 2718 14:[700, 799]
3617 2696 2696 16:[700, 899]
3616 2697 2697 14:[700, 799]
3615 2704 2704 16:[700, 799]
3640 3476 3476 19:[700, 799]
3639 3093 3093 9:[700, 799]
3638 3052 3052 15:[700, 899]
3637 2844 2844 9:[700, 899]
3636 2781 2781 19:[700, 799]
3634 2315 2315 18:[700, 799]
3633 2258 2258 18:[700, 799]
3632 3107 368 9:[700, 899]
3651 3477 3477 14:[700, 799]
3650 3186 3186 10:[700, 799]
3649 3485 3160 19:[700, 799]
3648 3094 3094 14:[700, 799]
3645 2719 2719 14:[700]
3644 2451 2451 12:[700, 899]
3643 3488 2394 14:[700, 799]
3642 2013 2013 14:[700, 799]
3664 3482 3482 16:[700, 799]
3662 3486 3486 16:[700, 799]
3661 3487 3487 16:[700, 899]
3660 3490 3490 16:[700, 899]
3657 3102 3102 16:[700, 899]
3653 2016 2016 16:[700, 799]
3652 2564 1730 7:[700, 899]
3686 3494 3494 9:[700, 799]
3684 3497 3497 9:[700, 799]
3683 3498 3498 21:[700, 799]
3682 3499 3499 21:[700, 799]
3680 3501 3501 21:[700, 799]
3679 3505 3505 21:[700, 799]
3675 3120 3120 9:[700, 799]
3673 3125 3125 21:[700, 799]
3670 3128 3128 21:[700, 799]
3668 2742 2742 9:[700, 799]
3667 2753 2753 21:[700, 799]
3666 2571 2571 12:[700, 799]
3665 2378 2378 9:[700, 899]
3699 3169 3537 14:[700, 799]
3698 3534 3543 14:[700, 799]
3697 2145 3225 10:[700]
3696 1742 3180 14:[700, 799]
3695 3138 3138 14:[700, 799]
3694 3139 3139 14:[700, 799]
3693 3512 3147 14:[700]
3691 2764 2764 14:[700, 799]
3690 2393 2393 14:[700, 799]
3689 2400 2400 14:[700, 899]
3688 2051 2051 14:[700, 899]
3687 1535 1535 10:[700, 799]
3709 3199 3560 19:[700, 799]
3708 3520 3520 10:[700, 799]
3707 3521 3521 19:[700, 799]
3706 3523 3523 19:[700, 899]
3705 3269 3269 17:[700, 799]
3704 3187 3187 10:[700, 799]
3703 3159 3159 14:[700, 799]
3702 3152 3152 19:[700, 799]
3701 2056 2056 17:[700, 899]
3700 116 116 7:[700, 799]
3718 3574 3566 12:[700, 799]
3717 3233 3575 16:[700, 799]
3716 3525 3525 20:[700, 799]
3715 3529 3529 12:[700, 799]
3714 3179 3179 17:[700, 799]
3713 3164 3164 21:[700, 799]
3710 2061 2061 12:[700, 799]
3744 3536 3536 14:[700, 799]
3743 3539 3539 14:[700, 799]
3742 3541 3541 14:[700, 899]
3741 3544 3544 15:[700, 799]
3739 3546 3546 14:[700, 899]
3738 3549 3549 11:[700, 899]
3736 3553 3553 14:[700, 799]
3735 3515 3263 15:[700, 899]
3733 2805 3214 14:[700]
3732 3176 3176 14:[700, 799]
3731 3177 3177 14:[700, 799]
3730 3184 3184 14:[700, 799]
3729 3124 3124 11:[700, 799]
3728 2907 2907 18:[700, 799]
3727 2787 2787 14:[700, 799]
3726 2790 2790 14:[700, 799]
3725 2794 2794 14:[700, 799]
3724 2417 2417 14:[700, 799]
3723 2426 2426 14:[700, 799]
3722 2067 2067 14:[700, 799]
3721 2078 2078 14:[700, 799]
3720 1692 1692 13:[700, 799]
3719 1427 1427 14:[700, 799]
3754 3556 3556 7:[700, 799]
3753 3557 3557 19:[700, 799]
3752 3559 3559 19:[700, 799]
3751 3561 3561 7:[700, 799]
3750 2818 2818 16:[700, 799]
3749 2723 2723 13:[700, 799]
3748 3209 2468 13:[700, 799]
3747 3581 2276 16:[700, 899]
3746 1276 1276 8:[700, 799]
3745 1171 1171 7:[700, 899]
3760 3569 3569 12:[700, 799]
3759 3573 3573 15:[700, 799]
3758 3206 3206 12:[700, 799]
3757 2415 2415 14:[700, 799]
3756 1185 1185 12:[700, 799]
3755 940 940 12:[700]
3768 3586 3623 17:[700, 799]
3767 3576 3576 20:[700, 799]
3766 3577 3577 17:[700, 799]
3765 3578 3578 14:[700]
3764 3252 3402 15:[700, 899]
3763 3589 2862 17:[700, 799]
3762 2921 1500 14:[700, 899]
3776 3584 3584 13:[700, 799]
3775 3585 3585 19:[700, 799]
3774 3592 3592 19:[700, 799]
3773 3217 3217 19:[700, 799]
3772 3189 3189 16:[700, 799]
3771 2837 2837 19:[700, 799]
3770 2118 2118 10:[700, 799]
3769 1780 1780 19:[700, 799]
3796 3599 3599 12:[700, 799]
3795 3602 3602 12:[700, 799]
3794 3601 3603 13:[700, 799]
3793 3607 3607 12:[700, 799]
3792 3608 3608 12:[700, 799]
3791 3239 3239 12:[700, 799]
3790 3243 3243 12:[700, 799]
3789 3244 3244 12:[700, 799]
3788 2848 2848 12:[700, 799]
3787 2853 2853 12:[700]
3786 2872 2519 8:[700, 799]
3785 2478 2478 12:[700, 799]
3784 2480 2480 12:[700, 899]
3783 2486 2486 12:[700, 799]
3782 2492 2492 13:[700, 799]
3781 2493 2493 12:[700, 799]
3780 2367 2367 16:[700, 799]
3779 2126 2126 12:[700, 799]
3778 2143 2143 12:[700, 799]
3777 1809 1809 12:[700, 799]
3806 3616 3616 15:[700, 799]
3805 3617 3617 17:[700, 799]
3804 3314 3625 11:[700]
3803 3628 3628 17:[700, 799]
3802 3631 3631 17:[700, 799]
3801 3246 3246 17:[700, 799]
3800 3247 3247 14:[700, 799]
3799 3253 3253 17:[700, 799]
3798 2863 2863 17:[700, 799]
3797 2865 2865 15:[700, 799]
3824 3653 3676 10:[700, 899]
3823 3295 3683 22:[700, 799]
3822 3659 3659 8:[700, 799]
3821 3634 3634 19:[700, 799]
3820 3639 3639 10:[700, 799]
3819 3640 3640 20:[700, 799]
3818 3416 3416 18:[700, 799]
3817 3298 3297 10:[700, 799]
3815 3285 3285 8:[700, 799]
3814 3266 3266 10:[700, 799]
3813 2993 2993 9:[700]
3812 2874 2874 13:[700, 799]
3811 2877 2877 10:[700, 799]
3810 2879 2879 10:[700, 799]
3809 2157 2157 10:[700, 799]
3808 3306 1849 10:[700, 799]
3807 3660 1850 10:[700, 799]
3837 3642 3642 15:[700, 899]
3836 3645 3645 15:[700, 799]
3835 3648 3648 15:[700, 799]
3833 3307 3651 15:[700, 799]
3832 3343 3343 11:[700, 899]
3831 3299 3299 20:[700, 799]
3830 3281 3281 10:[700, 799]
3829 3270 3270 15:[700, 799]
3828 3272 3272 20:[700, 799]
3827 3273 3273 15:[700, 799]
3826 2495 2495 14:[700, 799]
3825 2167 2167 12:[700, 899]
3850 3670 3702 20:[700, 799]
3849 3690 3704 11:[700, 799]
3848 3652 3652 8:[700, 799]
3847 3661 3661 17:[700, 799]
3846 3662 3662 17:[700, 799]
3845 3664 3664 17:[700, 799]
3844 3284 3284 17:[700, 799]
3843 2895 3285 8:[700, 799]
3842 2831 2831 14:[700, 799]
3841 2257 2257 13:[700, 799]
3840 1836 1836 17:[700, 799]
3839 3318 1664 11:[700, 799]
3838 1520 1520 11:[700, 799]
3869 1385 3716 21:[700, 799]
3868 3667 3667 22:[700, 799]
3867 3668 3668 10:[700, 799]
3866 3680 3680 22:[700, 799]
3865 3682 3682 22:[700, 799]
3864 3684 3684 10:[700, 799]
3863 3308 3308 13:[700, 799]
3862 3287 3287 10:[700, 799]
3861 3289 3289 10:[700, 799]
3860 3257 3257 17:[700, 799]
3859 2900 2900 10:[700, 799]
3858 2901 2901 10:[700, 799]
3857 2905 2905 10:[700, 899]
3856 2913 2913 10:[700, 799]
3855 2878 2878 14:[700, 899]
3854 2188 2188 10:[700, 799]
3853 2193 2193 10:[700, 799]
3852 1852 1852 10:[700, 899]
3851 999 999 10:[700, 899]
3878 3696 3696 15:[800, 899]
3877 3698 3698 15:[800]
3872 3321 2572 15:[800, 899]
3892 2957 3745 8:[800, 899]
3903 2951 2951 15:[800, 899]
3901 2223 2223 15:[800]
3928 3753 3753 20:[800, 899]
3922 3751 2627 11:[800, 899]
3918 1992 1992 9:[800, 899]
3935 2606 2606 13:[800, 899]
3932 2241 2241 13:[800, 899]
3949 3354 3354 17:[800]
3961 3002 3002 13:[800, 899]
3987 3797 3797 16:[800, 899]
3984 3800 3800 15:[800, 899]
3979 1938 1938 6:[800, 899]
4004 3807 3807 11:[800, 899]
4003 3810 3810 11:[800, 899]
3997 3827 3438 14:[800, 899]
3995 3414 3414 11:[800, 899]
3994 3831 3408 18:[800, 899]
3991 2302 2302 11:[800, 899]
4019 3448 3875 21:[800, 899]
4015 3829 3829 16:[800]
4014 3830 3830 11:[800, 899]
4010 3412 3412 15:[800]
4031 3839 3839 12:[800, 899]
4030 3841 3841 14:[800, 899]
4027 3474 3474 12:[800, 899]
4021 1087 1087 18:[800, 899]
4044 3851 3851 11:[800]
4041 3859 3859 11:[800, 899]
4037 3453 3453 11:[800]
4057 3881 3881 17:[800]
4056 2719 3540 18:[800, 899]
4055 3473 3473 21:[800]
4046 2451 2451 12:[800, 899]
4072 3520 3924 9:[800, 899]
4070 3889 3889 16:[800, 899]
4066 3092 3092 9:[800, 899]
4065 3093 3093 9:[800, 899]
4064 2243 2243 13:[800, 899]
4089 3913 3913 16:[800]
4087 3486 3486 16:[800]
4077 269 269 10:[800, 899]
4119 3916 3916 9:[800]
4117 3921 3921 9:[800, 899]
4113 3497 3497 9:[800, 899]
4108 3509 3509 18:[800, 899]
4103 2754 2754 21:[800, 899]
4102 2698 2698 13:[800, 899]
4101 2258 2258 18:[800, 899]
4100 2145 2145 6:[800, 899]
4132 3169 3969 14:[800, 899]
4130 3936 3936 14:[800, 899]
4129 3512 3512 14:[800, 899]
4125 3138 3138 14:[800, 899]
4124 3139 3139 14:[800, 899]
4137 3199 3981 19:[800, 899]
4144 3953 3953 21:[800, 899]
4142 3526 3526 18:[800, 899]
4141 3527 3527 21:[800, 899]
4138 3988 750 12:[800, 899]
4167 3582 4008 12:[800]
4166 3957 3957 14:[800]
4164 3964 3964 21:[800, 899]
4158 3537 3537 14:[800]
4154 3550 3550 14:[800, 899]
4152 3185 3185 14:[800]
4150 1427 1427 14:[800, 899]
4171 3581 3747 17:[800]
4168 2805 2805 16:[800, 899]
4188 3996 3996 12:[800, 899]
4186 4000 4000 22:[800, 899]
4184 3764 3705 18:[800, 899]
4183 4026 3602 12:[800, 899]
4182 3566 3566 12:[800, 899]
4181 3343 3343 11:[800, 899]
4177 940 940 12:[800, 899]
4197 4010 4010 16:[800, 899]
4195 4019 4019 22:[800, 899]
4211 4046 4046 13:[800]
4210 4021 4021 19:[800, 899]
4207 3649 3649 20:[800, 899]
4206 3636 3636 20:[800, 899]
4204 3585 3585 19:[800]
4201 3124 3124 11:[800, 899]
4200 2837 2837 19:[800, 899]
4232 4039 4039 23:[800, 899]
4231 4041 4041 12:[800, 899]
4227 3599 3599 12:[800, 899]
4226 3607 3607 12:[800]
4224 3243 3243 12:[800]
4221 2857 2857 12:[800]
4220 2480 2480 12:[800]
4243 3617 3617 17:[800, 899]
4240 3246 3246 17:[800, 899]
4239 3253 3253 17:[800]
4259 4067 4067 19:[800]
4258 4069 4069 10:[800, 899]
4255 3281 3281 10:[800, 899]
4254 3285 3285 8:[800, 899]
4253 3189 3189 16:[800, 899]
4252 2877 2877 10:[800, 899]
4250 2521 500 10:[800]
4269 3642 3642 15:[800, 899]
4268 3651 3651 15:[800, 899]
4267 3273 3273 15:[800, 899]
4286 4082 4082 17:[800, 899]
4283 4086 4086 17:[800, 899]
4277 3660 3660 17:[800, 899]
4274 3308 3308 13:[800, 899]
4273 3283 3283 17:[800, 899]
4309 4101 4101 19:[800, 899]
4302 4115 4115 10:[800]
4300 3638 3638 16:[800, 899]
4292 1850 1850 10:[800, 899]
4322 4145 4143 13:[800, 899]
4314 3689 3689 15:[800, 899]
4327 3360 3813 10:[800, 899]
4325 2831 2831 14:[800]
4339 3348 4181 12:[800, 899]
4336 4141 4141 22:[800, 899]
4334 4091 4091 17:[800]
4333 3713 3713 22:[800, 899]
4332 3718 3718 13:[800, 899]
4360 4107 4198 18:[800, 899]
4353 4167 4167 13:[800, 899]
4352 3721 3721 15:[800, 899]
4351 3727 3727 15:[800, 899]
4348 3739 3739 15:[800, 899]
4347 3741 3741 16:[800]
4346 3349 3349 15:[800, 899]
4342 2223 2223 15:[800]
4366 3260 3260 10:[800, 899]
4380 4187 4187 16:[800]
4378 3832 3832 12:[800, 899]
4376 3424 3424 14:[800, 899]
4373 2604 2604 13:[800, 899]
4372 2608 2608 13:[800, 899]
4371 2610 2610 13:[800, 899]
4389 3794 4248 20:[800, 899]
4388 4195 4195 23:[800, 899]
4387 4197 4197 17:[800, 899]
4385 3768 3768 18:[800, 899]
4384 4204 3374 15:[800, 899]
4420 3829 4267 16:[800, 899]
4419 4262 4262 9:[800]
4418 4212 4212 13:[800]
4410 4232 4232 24:[800, 899]
4408 3779 3779 13:[800, 899]
4404 3789 3789 13:[800, 899]
4402 3796 3796 13:[800, 899]
4433 4250 4273 18:[800, 899]
4429 4243 4243 18:[800, 899]
4427 3799 3799 18:[800, 899]
4422 2004 2004 19:[800, 899]
4446 4252 4252 11:[800, 899]
4444 4258 4258 11:[800, 899]
4441 3808 3808 11:[800, 899]
4440 3650 3650 11:[800, 899]
4438 269 3245 11:[800, 899]
4457 4253 4265 16:[800, 899]
4451 3825 3825 13:[800]
4449 3821 3821 20:[800]
4447 3824 872 16:[800]
4473 3890 4327 11:[800]
4471 4277 4277 18:[800, 899]
4466 3828 3828 21:[800, 899]
4463 3432 3432 18:[800, 899]
4459 1087 1087 18:[800, 899]
4488 4292 4292 11:[800, 899]
4486 4297 4297 11:[800]
4482 4293 3918 10:[800]
4480 3525 3525 20:[800, 899]
4477 3442 3442 23:[800, 899]
4476 3446 3446 11:[800, 899]
4474 2684 2684 11:[800]
4496 4324 4324 16:[800, 899]
4495 3889 3889 16:[800, 899]
4494 3878 3878 16:[800, 899]
4493 4329 3488 16:[800]
4490 2696 2696 16:[800]
4489 2565 2565 10:[800, 899]
4507 4322 4322 14:[800]
4506 3520 3924 9:[800]
4504 3855 3855 15:[800, 899]
4518 4331 4331 22:[800, 899]
4517 4332 4332 14:[800]
4514 3899 3899 17:[800, 899]
4511 3379 3379 11:[800]
4534 4356 4356 16:[800, 899]
4533 4357 4357 16:[800, 899]
4531 4360 4360 19:[800, 899]
4527 3901 3901 16:[800, 899]
4526 3903 3903 16:[800]
4522 3111 3111 16:[800, 899]
4521 2726 2726 16:[800, 899]
4554 4361 4361 9:[800]
4541 1128 1128 9:[800, 899]
4557 2770 2770 14:[800, 899]
4555 2402 2402 14:[800, 899]
4570 4387 4387 18:[800, 899]
4569 3989 4056 19:[800, 899]
4579 1427 3995 12:[800, 899]
4577 3948 3948 12:[800]
4576 3951 3951 21:[800]
4571 4394 2457 12:[800, 899]
4594 4397 4397 19:[800]
4592 4410 4410 25:[800]
4591 4420 4420 17:[800, 899]
4589 3962 3962 14:[800, 899]
4585 3544 3544 15:[800, 899]
4584 3167 3167 14:[800]
4583 3180 3180 14:[800, 899]
4610 3575 4462 16:[800, 899]
4609 4423 4423 16:[800, 899]
4604 4039 4039 23:[800, 899]
4602 3979 3979 7:[800, 899]
4601 3982 3982 19:[800, 899]
4600 3985 3985 19:[800, 899]
4599 3987 3987 17:[800, 899]
4596 3306 3306 10:[800, 899]
4595 3199 3199 19:[800, 899]
4629 4466 4483 15:[800, 899]
4628 4437 4437 15:[800]
4625 4441 4441 12:[800]
4624 4046 4046 13:[800, 899]
4622 4019 4019 22:[800, 899]
4620 4003 4003 12:[800, 899]
4618 3935 3935 14:[800, 899]
4614 3574 3574 12:[800, 899]
4613 3204 3204 12:[800]
4611 940 940 12:[800]
4636 4457 4457 17:[800, 899]
4631 3276 3276 17:[800, 899]
4651 4460 4460 20:[800, 899]
4650 4461 4461 10:[800, 899]
4649 4463 4463 19:[800, 899]
4647 4467 4467 19:[800, 899]
4646 4471 4471 19:[800, 899]
4644 4028 4028 19:[800, 899]
4643 4010 4010 16:[800, 899]
4642 3217 3217 19:[800, 899]
4679 2503 4512 16:[800]
4677 4474 4474 12:[800]
4674 4484 4484 15:[800, 899]
4673 4488 4488 12:[800, 899]
4672 4138 4100 7:[800, 899]
4671 4072 4072 10:[800, 899]
4669 4036 4036 12:[800, 899]
4663 3243 3243 12:[800, 899]
4662 3244 3244 12:[800]
4661 2853 2853 12:[800, 899]
4655 2126 2126 12:[800, 899]
4654 2143 2143 12:[800, 899]
4653 1809 1809 12:[800, 899]
4686 4502 4502 15:[800, 899]
4684 4050 4050 17:[800, 899]
4681 3631 3631 17:[800]
4680 2339 2339 11:[800]
4699 4454 4454 21:[800, 899]
4696 4065 4065 10:[800]
4695 4066 4066 10:[800]
4694 3632 3632 10:[800, 899]
4717 4513 4513 17:[800, 899]
4714 4504 4504 16:[800, 899]
4711 4129 4126 15:[800, 899]
4710 3284 4132 15:[800, 899]
4706 4181 3650 11:[800, 899]
4705 3651 3651 15:[800, 899]
4737 4520 4520 17:[800, 899]
4736 4522 4522 17:[800, 899]
4728 4081 4081 17:[800, 899]
4727 4084 4084 17:[800, 899]
4725 3813 3701 18:[800, 899]
4724 3652 3652 8:[800, 899]
4723 3657 3657 17:[800, 899]
4722 3661 3661 17:[800, 899]
4720 1520 1520 11:[800, 899]
4748 4108 4108 19:[800, 899]
4747 4113 4113 10:[800, 899]
4746 4114 4114 10:[800, 899]
4745 3832 3832 12:[800]
4742 3298 3298 10:[800]
4741 2900 2900 10:[800, 899]
4739 2564 2564 13:[800]
4766 4558 4558 15:[800]
4765 4563 4563 15:[800, 899]
4760 4123 4123 15:[800, 899]
4756 4556 4097 18:[800, 899]
4753 3689 3689 15:[800, 899]
4752 1992 1992 9:[800, 899]
4770 4137 4137 20:[800, 899]
4769 4102 4102 14:[800, 899]
4768 3706 3706 20:[800, 899]
4767 3420 3420 11:[800]
4782 4205 4621 13:[800, 899]
4781 4572 4572 22:[800, 899]
4780 3715 4577 13:[800, 899]
4779 4582 4582 13:[800, 899]
4778 4610 4182 13:[800]
4776 4141 4141 22:[800, 899]
4775 4144 4144 22:[800, 899]
4773 3638 3638 16:[800, 899]
4804 4624 4624 14:[800]
4799 4591 4591 18:[800, 899]
4795 4152 4152 15:[800, 899]
4794 4154 4154 15:[800, 899]
4792 4158 4158 15:[800, 899]
4791 4162 4162 15:[800, 899]
4790 4166 4166 15:[800, 899]
4789 4595 3768 18:[800, 899]
4785 2949 2949 15:[800, 899]
4784 2223 2223 15:[800]
4814 4599 4599 18:[800, 899]
4813 4602 4602 8:[800, 899]
4811 4609 4609 17:[800]
4808 3360 3360 14:[800, 899]
4807 3361 3361 20:[800, 899]
4805 3745 3245 11:[800, 899]
4831 4252 4672 8:[800]
4829 4613 4613 13:[800]
4828 4614 4614 13:[800, 899]
4827 4625 4625 13:[800, 899]
4826 4628 4628 16:[800]
4825 4629 4629 16:[800, 899]
4824 4630 4630 23:[800, 899]
4823 4178 4178 13:[800, 899]
4821 4183 4183 13:[800, 899]
4820 4187 4187 16:[800, 899]
4819 4190 4190 13:[800, 899]
4818 2004 3788 13:[800]
4817 3755 3755 13:[800, 899]
4843 4220 4682 18:[800, 899]
4839 4633 4633 19:[800, 899]
4833 4230 3023 18:[800, 899]
4854 4641 4641 20:[800, 899]
4852 4647 4647 20:[800, 899]
4851 4649 4649 20:[800, 899]
4850 4202 4202 20:[800, 899]
4849 4204 4204 20:[800, 899]
4848 4197 4197 17:[800, 899]
4846 2400 3742 15:[800, 899]
4845 2627 2627 11:[800, 899]
4844 269 269 10:[800]
4875 4653 4653 13:[800, 899]
4874 4655 4655 13:[800]
4872 4657 4657 13:[800, 899]
4871 4669 4669 13:[800, 899]
4870 4670 4670 13:[800, 899]
4868 4679 4679 17:[800, 899]
4867 4226 4226 13:[800, 899]
4866 4227 4227 13:[800]
4865 4231 4231 13:[800, 899]
4864 3880 3880 16:[800, 899]
4862 3787 3787 13:[800]
4860 3384 3384 13:[800, 899]
4859 3385 3385 13:[800, 899]
4857 3392 3392 13:[800]
4856 3260 3260 10:[800, 899]
4889 3825 4728 18:[800, 899]
4888 4680 4680 12:[800]
4887 4684 4684 18:[800, 899]
4886 4681 4282 18:[800, 899]
4885 4255 4255 11:[800, 899]
4884 4236 4236 15:[800, 899]
4883 4239 4239 18:[800, 899]
4881 4241 4241 18:[800, 899]
4880 4243 4243 18:[800, 899]
4879 4247 4247 18:[800]
4878 4195 4195 23:[800, 899]
4898 4694 4694 11:[800, 899]
4896 4700 4700 14:[800, 899]
4894 4258 4258 11:[800, 899]
4893 3807 3807 11:[800, 899]
4892 2774 2774 19:[800]
4915 4705 4705 16:[800, 899]
4914 4710 4710 16:[800, 899]
4913 4711 4711 16:[800, 899]
4912 4712 4712 16:[800, 899]
4910 4327 4327 11:[800, 899]
4909 4294 4294 12:[800, 899]
4908 4274 4274 14:[800, 899]
4906 4267 4267 16:[800]
4905 4268 4268 16:[800, 899]
4903 4201 4201 12:[800, 899]
4902 4203 4203 20:[800, 899]
4901 4717 3884 16:[800]
4900 2307 2307 13:[800, 899]
4929 4726 4726 18:[800, 899]
4928 4727 4727 18:[800, 899]
4927 4731 4731 18:[800, 899]
4926 4736 4736 18:[800, 899]
4925 4737 4737 18:[800, 899]
4924 4714 4714 17:[800, 899]
4923 4273 4273 18:[800, 899]
4922 4281 4281 18:[800, 899]
4921 4283 4283 18:[800, 899]
4919 3821 3821 20:[800]
4918 3473 3473 21:[800, 899]
4941 4739 4739 14:[800]
4940 4741 4741 11:[800, 899]
4939 4742 4742 11:[800, 899]
4938 4292 4292 11:[800, 899]
4937 4303 4303 11:[800]
4936 4253 4253 17:[800, 899]
4933 3828 3828 21:[800, 899]
4931 3446 3446 11:[800, 899]
4930 3061 3061 11:[800]
4954 4752 4752 10:[800, 899]
4953 4753 4753 16:[800, 899]
4952 4766 4766 16:[800]
4951 4363 4363 16:[800, 899]
4950 4357 4347 17:[800, 899]
4948 4318 4318 16:[800, 899]
4944 3074 3074 16:[800]
4943 3084 3084 16:[800, 899]
4960 4770 4770 21:[800, 899]
4959 4376 4376 15:[800, 899]
4958 4346 4345 18:[800, 899]
4957 3892 3892 9:[800, 899]
4970 4809 4809 21:[800, 899]
4969 4815 4815 19:[800, 899]
4968 4774 4774 20:[800, 899]
4967 4782 4782 14:[800, 899]
4966 4332 4332 14:[800, 899]
4965 4265 4265 16:[800, 899]
4964 3855 3855 15:[800, 899]
4963 4799 3379 11:[800, 899]
4986 4785 4785 16:[800]
4985 4789 4789 19:[800, 899]
4982 4794 4794 16:[800, 899]
4981 3942 4385 19:[800, 899]
4980 4352 4352 16:[800]
4979 4360 4360 19:[800, 899]
4978 3901 3901 16:[800, 899]
4977 3903 3903 16:[800, 899]
4976 3907 3907 16:[800]
4974 3111 3111 16:[800]
4973 2733 2733 16:[800]
4972 2565 2565 10:[800, 899]
4971 4831 1730 7:[800, 899]
4999 4805 4805 12:[800, 899]
4998 4807 4807 21:[800, 899]
4997 4812 4812 25:[800, 899]
4996 4813 4813 9:[800, 899]
4995 4410 4410 25:[800, 899]
4994 4325 4325 15:[800]
4993 4056 4056 19:[800, 899]
4992 3922 3922 12:[800, 899]
4991 3495 3495 9:[800, 899]
4990 3498 3498 21:[800, 899]
4989 3509 3509 18:[800, 899]
4988 4825 3401 11:[800]
4987 2754 2754 21:[800, 899]
5017 4820 4820 17:[800, 899]
5016 4821 4821 14:[800, 899]
5015 4823 4823 14:[800, 899]
5012 3306 4402 14:[800, 899]
5009 4379 4379 14:[800]
5008 4380 4380 17:[800, 899]
5007 3932 3932 14:[800, 899]
5006 3512 3512 14:[800, 899]
5005 3519 3519 14:[800, 899]
5004 3139 3139 14:[800, 899]
5001 2051 2051 14:[800, 899]
5026 2765 4848 18:[800]
5025 4835 4835 19:[800]
5024 4843 4843 19:[800]
5023 4446 4446 12:[800, 899]
5022 4414 4414 14:[800]
5021 4384 4384 16:[800, 899]
5020 4389 4389 21:[800, 899]
5019 4027 4027 13:[800, 899]
5018 4419 3979 7:[800, 899]
5033 4845 4845 12:[800, 899]
5031 4850 4850 21:[800, 899]
5030 4853 4853 21:[800, 899]
5029 4871 3991 12:[800, 899]
5028 3527 3527 21:[800, 899]
5027 4860 2258 18:[800, 899]
5054 4914 4900 14:[800, 899]
5052 3987 4903 13:[800, 899]
5051 4915 4905 17:[800, 899]
5050 4856 4856 11:[800, 899]
5049 4862 4862 14:[800, 899]
5048 4875 4875 14:[800, 899]
5047 4889 4451 14:[800, 899]
5046 4437 4437 15:[800]
5044 4404 4404 14:[800, 899]
5043 4418 4418 14:[800]
5041 4046 4046 13:[800, 899]
5040 3961 3961 14:[800, 899]
5039 3625 3625 11:[800, 899]
5038 3537 3537 14:[800]
5037 3544 3544 15:[800]
5036 3180 3180 14:[800, 899]
5035 2426 2426 14:[800, 899]
5034 1427 1427 14:[800, 899]
5065 4910 4928 19:[800, 899]
5064 4879 4879 19:[800]
5063 4883 4883 19:[800]
5062 4884 4884 16:[800, 899]
5061 4887 4887 19:[800, 899]
5060 4480 4480 21:[800, 899]
5059 4427 4427 19:[800, 899]
5058 4388 4388 24:[800, 899]
5057 3984 3984 16:[800, 899]
5056 3276 3276 17:[800, 899]
5055 3199 3199 19:[800, 899]
5081 4941 4933 22:[800, 899]
5080 4917 4937 12:[800, 899]
5079 4893 4893 12:[800]
5078 4894 4894 12:[800, 899]
5077 4898 4898 12:[800, 899]
5076 4447 4447 17:[800, 899]
5075 3995 3995 12:[800, 899]
5074 3997 3997 15:[800, 899]
5073 4003 4003 12:[800, 899]
5071 4908 3735 16:[800, 899]
5070 3567 3567 12:[800, 899]
5069 3572 3572 10:[800]
5068 4396 3243 12:[800, 899]
5067 3052 3052 15:[800, 899]
5066 1185 1185 12:[800, 899]
5095 4620 4969 20:[800, 899]
5094 4465 4970 22:[800, 899]
5093 3708 4947 11:[800, 899]
5092 4463 4951 17:[800, 899]
5091 4912 4912 17:[800, 899]
5090 4171 4493 17:[800, 899]
5089 4482 4482 11:[800, 899]
5088 4072 4072 10:[800, 899]
5087 3630 4057 18:[800, 899]
5086 4015 4015 17:[800, 899]
5085 3813 3813 10:[800, 899]
5084 3581 3581 22:[800]
5083 3314 3314 9:[800, 899]
5082 3024 3024 18:[800, 899]
5108 4918 4918 22:[800, 899]
5107 4919 4919 21:[800, 899]
5106 4922 4922 19:[800, 899]
5105 4925 4925 19:[800, 899]
5104 4926 4926 19:[800, 899]
5103 4927 4927 19:[800, 899]
5102 4954 4505 10:[800]
5101 4473 4473 12:[800, 899]
5100 4449 4449 21:[800, 899]
5099 4181 4181 12:[800, 899]
5098 4021 4021 19:[800, 899]
5097 3217 3217 19:[800, 899]
5096 1780 1780 19:[800, 899]
5130 4936 4936 18:[800, 899]
5129 4938 4938 12:[800]
5128 4940 4940 12:[800, 899]
5127 4495 4495 17:[800, 899]
5126 4474 4474 12:[800, 899]
5125 4476 4476 12:[800, 899]
5124 4484 4484 15:[800]
5123 4486 4486 12:[800]
5122 4488 4488 12:[800, 899]
5121 4466 4466 22:[800, 899]
5120 4070 4070 17:[800, 899]
5119 4041 4041 12:[800, 899]
5118 4010 4010 16:[800, 899]
5117 3949 3949 18:[800, 899]
5116 3606 3606 24:[800, 899]
5115 3609 3609 24:[800, 899]
5114 3244 3244 12:[800, 899]
5113 2857 2857 12:[800, 899]
5112 2480 2480 12:[800, 899]
5111 2498 2498 12:[800, 899]
5110 2143 2143 12:[800, 899]
5109 1809 1809 12:[800, 899]
5141 4186 4971 8:[800, 899]
5140 4943 4943 17:[800, 899]
5139 4945 4945 12:[800, 899]
5137 4909 4909 13:[800, 899]
5136 4490 4490 17:[800, 899]
5135 4494 4494 17:[800, 899]
5134 4496 4496 17:[800, 899]
5133 3935 3935 14:[800, 899]
5132 4100 3652 8:[800, 899]
5131 3617 3617 17:[800, 899]
5153 4956 4956 13:[800]
5152 4958 4958 19:[800, 899]
5151 4902 4902 21:[800, 899]
5150 4985 4592 26:[800, 899]
5149 4507 4579 13:[800, 899]
5148 4506 4506 10:[800]
5147 4065 4065 10:[800, 899]
5146 4066 4066 10:[800, 899]
5145 3632 3632 10:[800, 899]
5144 2879 2879 10:[800, 899]
5143 2157 2157 10:[800, 899]
5142 4250 116 7:[800]
5161 4966 4966 15:[800, 899]
5160 4967 4967 15:[800]
5159 4995 4604 24:[800, 899]
5158 4514 4514 18:[800, 899]
5157 3645 3645 15:[800, 899]
5156 4512 3037 17:[800, 899]
5155 2519 2519 8:[800, 899]
5154 2521 2521 12:[800, 899]
5178 4974 4974 17:[800, 899]
5177 4978 4978 17:[800, 899]
5176 4982 4982 17:[800, 899]
5175 4986 4986 17:[800, 899]
5174 4946 4570 19:[800, 899]
5173 4526 4526 17:[800, 899]
5172 4531 4531 20:[800]
5171 4504 4504 16:[800, 899]
5170 4489 4489 11:[800]
5169 4087 4087 17:[800, 899]
5168 4089 4089 17:[800]
5167 3657 3657 17:[800, 899]
5166 3660 3660 17:[800, 899]
5165 3661 3661 17:[800, 899]
5164 3284 3284 17:[800, 899]
5195 5018 5018 8:[800, 899]
5194 4987 4987 22:[800, 899]
5193 4988 4988 12:[800, 899]
5192 4989 4989 19:[800, 899]
5191 4990 4990 22:[800, 899]
5190 4991 4991 10:[800, 899]
5189 4999 4627 13:[800, 899]
5188 4596 4577 13:[800, 899]
5187 4554 4554 10:[800, 899]
5186 4207 4207 21:[800]
5185 4103 4103 22:[800, 899]
5184 4113 4113 10:[800, 899]
5183 4117 4117 10:[800, 899]
5182 3665 3665 10:[800, 899]
5181 2900 2900 10:[800, 899]
5180 2914 2914 10:[800, 899]
5179 1852 1852 10:[800, 899]
5215 4591 5035 15:[800, 899]
5214 4154 5049 15:[800, 899]
5213 5004 5004 15:[800, 899]
5212 5005 5005 15:[800, 899]
5211 5006 5006 15:[800, 899]
5210 5009 5009 15:[800, 899]
5209 5017 5017 18:[800, 899]
5208 4963 4963 12:[800, 899]
5207 3701 4584 15:[800, 899]
5206 4555 4555 15:[800]
5205 4232 4232 24:[800, 899]
5204 4142 4167 13:[800, 899]
5203 4124 4124 15:[800, 899]
5202 4125 4125 15:[800, 899]
5201 4129 4129 15:[800]
5200 4130 4130 15:[800, 899]
5199 4132 4132 15:[800, 899]
5198 3688 3688 15:[800, 899]
5197 3689 3689 15:[800, 899]
5196 2552 2552 15:[800, 899]
5220 4511 4599 18:[900]
5218 4206 4206 21:[900]
5216 3706 3706 20:[900]
5239 5073 5068 13:[900]
5237 4182 5075 13:[900]
5229 4571 3225 10:[900]
5268 5064 5064 20:[900]
5261 5065 4327 11:[900]
5286 5087 5087 19:[900]
5283 4680 4680 12:[900]
5324 5112 5112 13:[900]
5312 4677 4677 13:[900]
5309 4254 4254 9:[900]
5308 4220 4220 13:[900]
5304 4197 4197 17:[900]
5300 3387 3387 13:[900]
5334 4710 5164 18:[900]
5326 4240 4240 18:[900]
5369 5166 5166 18:[900]
5368 5167 5167 18:[900]
5363 4767 4767 12:[900]
5361 4727 4727 18:[900]
5355 2145 2145 6:[900]
5388 4778 5237 14:[900]
5384 5184 5184 11:[900]
5381 5197 4779 14:[900]
5372 3857 3857 11:[900]
5399 4332 5208 13:[900]
5398 5212 5212 16:[900]
5413 5232 5232 23:[900]
5407 3824 3824 11:[900]
5426 4769 4769 15:[900]
5424 4346 4346 16:[900]
5423 4347 4347 17:[900]
5421 4360 4360 19:[900]
5418 3903 3903 16:[900]
5417 3855 3855 15:[900]
5442 5261 5261 12:[900]
5438 4808 4808 15:[900]
5437 3509 3509 18:[900]
5436 2754 2754 21:[900]
5464 4422 5311 18:[900]
5460 5270 5270 14:[900]
5455 4827 4827 14:[900]
5454 4828 4828 14:[900]
5451 4618 4618 15:[900]
5450 4371 4371 14:[900]
5447 3813 3813 10:[900]
5446 4820 2426 14:[900]
5470 4419 4419 10:[900]
5468 4389 4389 21:[900]
5481 4941 4941 15:[900]
5504 5307 5307 14:[900]
5502 5319 5319 14:[900]
5500 5322 5322 20:[900]
5498 4857 4857 14:[900]
5497 4055 4860 14:[900]
5492 4402 4402 14:[900]
5491 4404 4404 14:[900]
5490 4418 4418 14:[900]
5488 4019 4019 22:[900]
5484 3544 3544 15:[900]
5516 4880 4880 19:[900]
5511 4429 4429 19:[900]
5529 5341 5341 12:[900]
5527 5355 4988 12:[900]
5524 4444 4444 12:[900]
5538 5346 5346 17:[900]
5533 4906 4906 17:[900]
5532 5343 4518 23:[900]
5555 5370 5370 22:[900]
5552 4927 4927 19:[900]
5544 4100 4100 7:[900]
5578 5373 5373 12:[900]
5569 4486 4486 12:[900]
5568 4449 4449 21:[900]
5567 4041 4041 12:[900]
5562 2857 2857 12:[900]
5596 5394 5394 17:[900]
5594 5401 5401 17:[900]
5590 4952 4952 17:[900]
5586 4493 4493 17:[900]
5581 4010 4010 16:[900]
5580 3255 3255 17:[900]
5602 5404 5404 20:[900]
5601 5406 5406 22:[900]
5600 4958 4958 19:[900]
5615 5409 5409 15:[900]
5614 5438 5065 20:[900]
5613 4507 5034 15:[900]
5608 4517 4517 15:[900]
5607 3949 3949 18:[900]
5630 5434 5434 17:[900]
5627 4976 4976 17:[900]
5624 4596 4596 11:[900]
5619 5456 3804 12:[900]
5618 3652 3652 8:[900]
5617 3661 3661 17:[900]
5655 4393 5481 16:[900]
5653 5441 5441 22:[900]
5649 5041 5041 14:[900]
5641 3935 3935 14:[900]
5638 1852 1852 10:[900]
5677 5049 5496 15:[900]
5672 5455 5455 15:[900]
5668 5464 5464 19:[900]
5666 5466 5466 15:[900]
5657 3688 3688 15:[900]
5685 5471 5471 20:[900]
5684 5092 5092 18:[900]
5681 5025 5025 20:[900]
5695 4166 5524 13:[900]
5688 4224 4224 13:[900]
5687 5519 1907 13:[900]
5714 5486 5486 23:[900]
5712 5488 5488 23:[900]
5711 5490 5490 15:[900]
5706 5477 5477 14:[900]
5705 5037 5037 16:[900]
5700 4963 4511 12:[900]
5697 4167 4167 13:[900]
5696 3733 3733 15:[900]
5721 5514 5514 12:[900]
5716 2964 2964 20:[900]
5733 5536 4647 20:[900]
5757 4239 5598 19:[900]
5756 5145 5599 11:[900]
5747 5159 5159 25:[900]
5744 5102 5102 11:[900]
5739 4204 4204 20:[900]
5784 5567 5567 13:[900]
5779 5109 5109 13:[900]
5775 5126 5126 13:[900]
5773 5067 5067 16:[900]
5772 5077 5077 13:[900]
5770 4655 4655 13:[900]
5765 4220 4220 13:[900]
5796 5583 5583 22:[900]
5795 5584 5584 18:[900]
5794 5585 5585 18:[900]
5792 5596 5596 18:[900]
5790 5140 5140 18:[900]
5808 5601 5601 23:[900]
5802 4410 4410 25:[900]
5799 5154 3175 11:[900]
5824 5261 5663 12:[900]
5822 5608 5608 16:[900]
5818 5158 5158 19:[900]
5816 4711 4711 16:[900]
5812 3825 3825 13:[900]
5839 5618 5618 9:[900]
5838 5619 5619 13:[900]
5836 5627 5627 18:[900]
5828 5185 4770 21:[900]
5827 4720 4720 12:[900]
5825 3425 3425 12:[900]
5849 5674 5690 14:[900]
5847 5184 5184 11:[900]
5845 5191 5191 23:[900]
5842 4292 4292 11:[900]
5862 5667 5667 16:[900]
5861 5668 5668 20:[900]
5860 5219 5671 16:[900]
5858 5676 5676 16:[900]
5857 5677 5677 16:[900]
5855 5643 5643 17:[900]
5850 2564 2564 13:[900]
5870 5684 5684 19:[900]
5869 5613 5613 16:[900]
5866 5170 5170 12:[900]
5865 5687 4769 15:[900]
5879 4347 5725 14:[900]
5877 5693 5693 23:[900]
5874 5234 5234 14:[900]
5872 4776 4776 23:[900]
5899 5704 5704 16:[900]
5895 5713 5713 16:[900]
5891 5243 5243 16:[900]
5890 5252 5252 16:[900]
5887 4823 4818 14:[900]
5910 5723 5723 19:[900]
5909 5724 5724 15:[900]
5905 3922 3922 12:[900]
5904 3495 3495 9:[900]
5903 3509 3509 18:[900]
5923 5726 5726 20:[900]
5917 4371 4371 14:[900]
5916 4373 4373 14:[900]
5914 4171 4171 18:[900]
5913 3276 3276 17:[900]
5912 2051 2051 14:[900]
5938 5334 5798 19:[900]
5936 5734 5734 14:[900]
5934 5700 5700 13:[900]
5933 5763 5362 13:[900]
5932 5326 5326 19:[900]
5928 4843 4843 19:[900]
5926 4471 4471 19:[900]
5953 4686 5804 12:[900]
5943 4874 5382 12:[900]
5942 5353 5353 26:[900]
5974 5762 5762 14:[900]
5972 5770 5770 14:[900]
5971 5773 5773 17:[900]
5965 5313 5313 14:[900]
5964 5315 5315 14:[900]
5962 4857 4857 14:[900]
5988 4451 5826 19:[900]
5987 4325 5838 14:[900]
5986 5790 5790 19:[900]
5985 5792 5792 19:[900]
5983 5801 5359 19:[900]
5982 5363 5363 13:[900]
6000 5800 5800 22:[900]
5998 5806 5806 12:[900]
5996 5358 5358 11:[900]
5994 5288 5288 20:[900]
5990 4055 4055 22:[900]
5989 3572 3572 10:[900]
6009 5816 5816 17:[900]
6008 5824 5442 13:[900]
6003 4495 4495 17:[900]
6028 5825 5825 13:[900]
6026 5828 5828 22:[900]
6024 5833 5833 23:[900]
6023 5837 5837 23:[900]
6022 5397 5397 17:[900]
6021 5361 5361 19:[900]
6018 5369 5369 19:[900]
6016 4923 4923 19:[900]
6013 4021 4021 19:[900]
6011 1780 1780 19:[900]
6044 5847 5847 12:[900]
6043 5848 5848 15:[900]
6041 5372 5372 12:[900]
6040 5381 5381 15:[900]
6037 4938 4938 12:[900]
6035 4474 4474 12:[900]
6034 4486 4486 12:[900]
6032 3606 3606 24:[900]
6030 2857 2857 12:[900]
6029 2480 2480 12:[900]
6065 5855 5890 17:[900]
6061 5858 5858 17:[900]
6060 5519 5862 17:[900]
6058 5399 5399 14:[900]
6057 5401 5401 17:[900]
6055 3632 4986 17:[900]
6053 4948 4948 17:[900]
6047 3255 3255 17:[900]
6072 5865 5865 16:[900]
6069 4933 4933 22:[900]
6068 4506 4506 10:[900]
6066 4010 4010 16:[900]
6084 5009 5924 11:[900]
6083 5872 5872 24:[900]
6082 5876 5876 20:[900]
6078 5413 5413 24:[900]
6077 5022 5022 15:[900]
6076 4517 4517 15:[900]
6075 3645 3645 15:[900]
6102 5886 5886 25:[900]
6099 5892 5892 21:[900]
6097 5418 5418 17:[900]
6096 5419 5419 17:[900]
6095 5421 5421 20:[900]
6094 5424 5424 17:[900]
6093 4973 4973 17:[900]
6092 4976 4976 17:[900]
6089 4522 4522 17:[900]
6088 4526 4526 17:[900]
6086 4089 4089 17:[900]
6119 5930 5930 11:[900]
6118 5937 5937 11:[900]
6117 5904 5904 10:[900]
6115 5910 5910 20:[900]
6114 5470 5470 11:[900]
6113 5046 5046 16:[900]
6112 4990 4990 22:[900]
6111 4999 4999 13:[900]
6110 4618 4618 15:[900]
6108 4541 4541 10:[900]
6107 4554 4554 10:[900]
6106 2914 2914 10:[900]
6140 4166 5975 18:[900]
6138 5914 5914 19:[900]
6137 5917 5917 15:[900]
6136 5922 5922 15:[900]
6133 5946 5545 25:[900]
6132 5478 5478 18:[900]
6130 5454 5454 15:[900]
6126 5426 5426 16:[900]
6123 4504 4504 16:[900]
6122 4224 4224 13:[900]
6121 3688 3688 15:[900]
6120 3024 3024 18:[900]
6147 5928 5928 20:[900]
6163 5532 5993 23:[900]
6161 5940 5940 22:[900]
6156 5527 5527 13:[900]
6155 5482 5482 22:[900]
6154 5476 5476 20:[900]
6150 4577 4577 13:[900]
6191 5529 6006 20:[900]
6190 5501 6007 18:[900]
6189 5956 5956 11:[900]
6186 5962 5962 15:[900]
6185 5964 5964 15:[900]
6184 5972 5972 15:[900]
6182 5484 5484 16:[900]
6181 5487 5487 15:[900]
6179 5498 5498 15:[900]
6178 5502 5502 15:[900]
6176 5037 5037 16:[900]
6174 5043 5043 15:[900]
6171 5982 4767 12:[900]
6170 4584 4584 15:[900]
6169 4507 4507 15:[900]
6167 4167 4167 13:[900]
6166 4056 4056 19:[900]
6164 5544 223 9:[900]
6206 5976 5976 17:[900]
6205 5934 5934 14:[900]
6202 5229 5229 11:[900]
6200 5064 5064 20:[900]
6196 4625 4204 20:[900]
6193 3361 3361 20:[900]
6221 4679 6033 13:[900]
6220 5552 6040 16:[900]
6218 5989 5989 11:[900]
6217 5990 5990 23:[900]
6214 5998 5998 13:[900]
6210 5186 5186 22:[900]
6209 5069 5069 11:[900]
6208 5073 5073 13:[900]
6228 4239 5572 22:[900]
6225 5500 5500 21:[900]
6224 6023 5218 22:[900]
6223 5120 5120 18:[900]
6222 4064 4064 14:[900]
6241 6013 6013 20:[900]
6240 6014 6014 20:[900]
6239 6016 6016 20:[900]
6238 6046 5687 14:[900]
6236 5555 5555 23:[900]
6235 5102 5102 11:[900]
6234 4831 4831 9:[900]
6232 3813 3813 10:[900]
6266 6029 6029 13:[900]
6265 6030 6030 13:[900]
6264 6032 6032 25:[900]
6263 6034 6034 13:[900]
6261 6037 6037 13:[900]
6257 5261 5160 16:[900]
6254 5124 5124 16:[900]
6252 5599 5077 13:[900]
6251 4662 4662 13:[900]
6249 4673 4673 13:[900]
6247 4677 4677 13:[900]
6246 4220 4220 13:[900]
6245 4221 4221 13:[900]
6243 2998 2998 13:[900]
6279 6049 6049 18:[900]
6278 6050 6050 18:[900]
6277 6051 6051 22:[900]
6276 6053 6053 18:[900]
6274 6061 6061 18:[900]
6272 5590 5590 18:[900]
6268 4511 4511 12:[900]
6267 6084 164 9:[900]
6295 5635 6105 11:[900]
6294 6066 6066 17:[900]
6293 6069 6069 23:[900]
6289 5600 5600 20:[900]
6287 5602 5602 21:[900]
6286 5581 5581 17:[900]
6284 5145 5145 11:[900]
6283 5153 5153 14:[900]
6304 6124 6122 14:[900]
6302 6074 6074 9:[900]
6301 6077 6077 16:[900]
6300 6078 6078 25:[900]
6296 5158 5158 19:[900]
6318 6086 6086 18:[900]
6317 6087 6087 18:[900]
6316 6090 6090 18:[900]
6314 5666 6095 21:[900]
6312 6103 6103 18:[900]
6311 5617 5617 18:[900]
6310 5618 5618 9:[900]
6309 5627 5627 18:[900]
6308 5630 5630 18:[900]
6305 3425 3425 12:[900]
6332 5260 6150 14:[900]
6331 6111 6111 14:[900]
6330 6112 6112 23:[900]
6327 5645 5645 14:[900]
6325 4778 5237 14:[900]
6324 5079 5079 13:[900]
6323 5668 4818 14:[900]
6322 4741 4741 11:[900]
6321 4742 4742 11:[900]
6320 4302 4302 11:[900]
6351 6139 6139 19:[900]
6347 6133 5753 26:[900]
6346 6123 5696 16:[900]
6345 5688 5688 14:[900]
6344 5694 5694 19:[900]
6343 5672 5672 16:[900]
6341 5607 5607 19:[900]
6340 5283 5283 13:[900]
6337 4888 4888 13:[900]
6362 6126 6126 17:[900]
6361 6127 6127 17:[900]
6360 6168 5807 12:[900]
6358 5685 5685 21:[900]
6357 5216 5216 21:[900]
6356 5220 5220 19:[900]
6355 4770 4770 21:[900]
6376 6218 6209 12:[900]
6375 6153 6153 23:[900]
6374 6155 6155 23:[900]
6373 6160 6160 23:[900]
6372 6162 6162 13:[900]
6371 6152 5914 19:[900]
6370 5722 5731 14:[900]
6368 5712 5712 24:[900]
6367 5695 5695 14:[900]
6365 4824 4824 24:[900]
6364 4333 4333 23:[900]
6390 6166 6166 20:[900]
6389 6171 6171 13:[900]
6388 6175 6175 16:[900]
6387 6179 6179 16:[900]
6385 6184 6184 16:[900]
6384 6185 6185 16:[900]
6381 5255 5255 16:[900]
6380 4792 4792 16:[900]
6379 3901 3901 16:[900]
6378 3487 3487 16:[900]
6400 6193 6193 21:[900]
6399 6196 6196 21:[900]
6397 6202 6202 12:[900]
6395 5723 5723 19:[900]
6394 5641 5641 15:[900]
6412 6213 6213 23:[900]
6411 6214 6214 14:[900]
6410 6217 6217 24:[900]
6409 6219 6219 17:[900]
6406 5706 5706 15:[900]
6405 5681 5681 21:[900]
6404 5281 5281 17:[900]
6403 4829 4829 14:[900]
6402 4482 4482 11:[900]
6401 5363 1342 8:[900]
6430 5790 6276 19:[900]
6429 5756 6278 19:[900]
6428 6223 6223 19:[900]
6426 6231 6231 20:[900]
6425 6157 6157 26:[900]
6424 6260 5838 14:[900]
6423 5801 5801 21:[900]
6421 5795 5794 19:[900]
6418 5309 5309 10:[900]
6417 5286 5286 20:[900]
6416 4843 4843 19:[900]
6414 4419 4419 10:[900]
6413 4207 4207 21:[900]
6445 5355 6283 15:[900]
6444 6271 6271 16:[900]
6443 6235 6235 12:[900]
6442 6236 6236 24:[900]
6441 6237 6237 21:[900]
6439 6239 6239 21:[900]
6438 6242 6242 12:[900]
6437 6205 6205 15:[900]
6436 5613 6169 16:[900]
6435 5824 5824 13:[900]
6434 5739 5739 21:[900]
6433 5755 5755 22:[900]
6432 4811 4811 18:[900]
6431 4447 4447 17:[900]
6466 5772 6296 20:[900]
6465 4015 6298 15:[900]
6464 6245 6245 14:[900]
6463 6246 6246 14:[900]
6462 6247 6247 14:[900]
6461 6249 6249 14:[900]
6460 6252 6252 14:[900]
6459 6254 6254 17:[900]
6458 6264 6264 26:[900]
6457 5850 5850 14:[900]
6456 5765 5765 14:[900]
6455 5770 5770 14:[900]
6453 5784 5784 14:[900]
6452 5300 5300 14:[900]
6451 5312 5312 14:[900]
6450 4857 4857 14:[900]
6449 4862 4862 14:[900]
6446 4418 4418 14:[900]
6480 6303 6303 13:[900]
6479 6267 6267 10:[900]
6478 6277 6277 23:[900]
6477 6279 6279 19:[900]
6476 5792 5792 19:[900]
6474 5711 5711 16:[900]
6473 5442 5361 19:[900]
6472 4928 5369 19:[900]
6471 5326 5326 19:[900]
6470 5334 5334 19:[900]
6469 4879 4879 19:[900]
6467 2698 2698 13:[900]
6490 6284 6284 12:[900]
6489 6285 6285 20:[900]
6488 6286 6286 18:[900]
6487 6289 6289 21:[900]
6486 6294 6294 18:[900]
6485 6256 6256 14:[900]
6482 5308 5308 14:[900]
6481 3572 3572 10:[900]
6504 6320 6345 15:[900]
6503 6304 6304 15:[900]
6502 6314 5933 14:[900]
6501 5816 5816 17:[900]
6499 5773 5773 17:[900]
6498 4473 5438 16:[900]
6497 6302 5399 14:[900]
6495 5812 5142 8:[900]
6494 5065 5065 20:[900]
6493 4906 4906 17:[900]
6492 4044 4493 17:[900]
6491 4451 4451 14:[900]
6516 6305 6305 13:[900]
6515 6310 6310 10:[900]
6514 6311 6311 19:[900]
6513 6316 6316 19:[900]
6512 6317 6317 19:[900]
6511 6318 6318 19:[900]
6510 6268 6268 13:[900]
6509 5825 5825 13:[900]
6508 5828 5828 22:[900]
6507 5836 5836 19:[900]
6534 6356 6373 24:[900]
6533 6322 6322 12:[900]
6532 5861 6323 15:[900]
6531 6325 6325 15:[900]
6530 6327 6327 15:[900]
6529 6330 6330 24:[900]
6528 6332 6332 15:[900]
6526 5849 5849 15:[900]
6525 5381 5381 15:[900]
6524 5384 5384 12:[900]
6523 4930 4930 12:[900]
6522 4474 4474 12:[900]
6521 4486 4486 12:[900]
6520 3609 3609 24:[900]
6519 2857 2857 12:[900]
6518 2480 2480 12:[900]
6517 2498 2498 12:[900]
6553 6335 6335 17:[900]
6552 6343 6343 17:[900]
6551 6346 6346 17:[900]
6550 6347 6347 27:[900]
6549 6351 6351 20:[900]
6548 6352 6352 20:[900]
6547 6353 6353 20:[900]
6546 6368 5887 15:[900]
6545 6361 5890 17:[900]
6544 5857 5857 17:[900]
6543 5858 5858 17:[900]
6542 5398 5398 17:[900]
6541 5022 5022 15:[900]
6540 4944 4944 17:[900]
6539 4952 4952 17:[900]
6538 4490 4490 17:[900]
6537 5822 4089 17:[900]
6536 4057 4057 18:[900]
6563 5910 6395 20:[900]
6562 6355 6355 22:[900]
6561 6358 6358 22:[900]
6560 6359 6359 13:[900]
6559 6360 6360 13:[900]
6558 6363 6363 20:[900]
6557 5865 5865 16:[900]
6556 4919 4919 21:[900]
6555 4506 4506 10:[900]
6554 4449 4449 21:[900]
6582 6388 6408 18:[900]
6581 5905 6409 18:[900]
6580 6365 6365 25:[900]
6579 6367 6367 15:[900]
6578 6370 6370 15:[900]
6577 6372 6372 14:[900]
6576 6375 6375 24:[900]
6575 6376 6376 13:[900]
6574 6362 6362 18:[900]
6573 5872 5872 24:[900]
6572 5877 5877 24:[900]
6571 5855 5855 18:[900]
6570 5413 5413 24:[900]
6569 5046 5046 16:[900]
6568 4680 4680 12:[900]
6567 4628 4628 16:[900]
6566 4517 4517 15:[900]
6565 4010 4010 16:[900]
6602 6378 6378 17:[900]
6601 6380 6380 17:[900]
6600 6381 6381 17:[900]
6599 6387 6387 17:[900]
6598 6389 6389 14:[900]
6597 6390 6390 21:[900]
6596 5468 5932 20:[900]
6595 5913 5913 18:[900]
6594 5891 5891 17:[900]
6593 5899 5899 17:[900]
6592 5497 5488 23:[900]
6591 5418 5418 17:[900]
6590 5421 5421 20:[900]
6589 5424 5424 17:[900]
6588 4973 4973 17:[900]
6587 4974 4974 17:[900]
6586 4976 4976 17:[900]
6585 4986 4986 17:[900]
6584 4087 4087 17:[900]
6583 3284 3284 17:[900]
6612 6405 6414 11:[900]
6611 6399 6399 22:[900]
6610 5904 5904 10:[900]
6609 5470 5470 11:[900]
6608 5436 5436 22:[900]
6607 5437 5437 19:[900]
6606 4554 4554 10:[900]
6605 2900 2900 10:[900]
6604 2914 2914 10:[900]
6603 1852 1852 10:[900]
6628 5186 6458 27:[900]
6627 6406 6466 21:[900]
6626 6401 6401 9:[900]
6625 6402 6402 12:[900]
6624 6410 6410 25:[900]
6623 5912 5912 15:[900]
6622 5916 5916 15:[900]
6621 5917 5917 15:[900]
6620 5923 5923 21:[900]
6619 5953 5909 16:[900]
6618 5446 5446 15:[900]
6617 5450 5450 15:[900]
6616 5455 5455 15:[900]
6615 5460 5460 15:[900]
6614 5009 5009 15:[900]
6613 2552 2552 15:[900]
6638 6426 6426 21:[900]
6637 6430 6430 20:[900]
6636 5987 5987 15:[900]
6635 5928 5928 20:[900]
6634 5938 5938 20:[900]
6633 5417 5417 16:[900]
6632 5426 5426 16:[900]
6631 5407 5407 12:[900]
6630 5025 5025 20:[900]
6629 6424 3360 14:[900]
