116 102 102 6:[815, 911]
164 138 138 8:[815]
223 186 186 8:[815]
269 223 223 9:[815, 875]
293 174 174 7:[815]
315 186 186 8:[815]
418 353 353 8:[815]
500 164 164 9:[815]
550 264 186 8:[815]
750 419 423 11:[815, 845]
872 606 606 15:[815, 860]
895 622 622 8:[815, 839]
940 841 841 11:[815, 867]
999 702 702 9:[815, 842]
1039 931 931 7:[815, 847]
1065 964 964 12:[815]
1087 988 988 17:[815, 855]
1128 801 801 8:[815]
1185 1078 1078 11:[815, 915]
1288 729 729 12:[815]
1303 741 741 12:[815, 829]
1300 54 54 12:[815]
1342 116 313 7:[815]
1372 1017 421 11:[815, 846]
1395 806 806 8:[815]
1427 825 825 13:[815]
1500 874 874 13:[815, 831]
1520 894 1182 10:[815, 879]
1535 1405 1405 9:[815, 844]
1564 1430 1430 14:[815, 884]
1577 1170 1170 7:[815, 852]
1628 974 974 10:[815, 836]
1641 1523 1523 17:[815, 818]
1663 1527 1527 10:[815, 844]
1730 1314 1616 6:[815, 887]
1742 1311 1311 13:[815, 831]
1763 369 369 8:[815, 891]
1780 846 846 18:[815]
1809 1648 1648 11:[815, 900]
1792 1103 1103 11:[815, 828]
1819 1673 1673 9:[815, 830]
1822 807 807 8:[815, 841]
1852 1399 1399 9:[815]
1850 1127 1127 9:[815, 858]
1849 889 889 9:[815, 825]
1907 1769 1769 12:[815]
1926 1491 1491 12:[815, 837]
1938 123 123 5:[815, 871]
1992 1276 1276 8:[815]
2004 1552 1552 18:[815, 902]
2051 1901 1901 13:[815]
2056 1913 1913 16:[815, 818]
2061 1917 1917 11:[815, 817]
2058 1603 1603 11:[815, 842]
2078 1926 1926 13:[815, 820]
2067 1310 1310 13:[815, 846]
2092 1323 1323 11:[815]
2118 1372 2001 9:[815, 854]
2143 1968 1968 11:[815]
2128 1351 1351 11:[815]
2126 1354 1354 11:[815, 889]
2150 1709 1709 14:[815, 854]
2145 412 412 5:[815]
2157 1672 1672 9:[815, 910]
2167 2010 2010 11:[815, 833]
2193 2027 2027 9:[815, 832]
2188 2037 2037 9:[815]
2201 2048 2048 14:[815, 854]
2223 2067 2067 14:[815, 892]
2212 1444 1444 14:[815]
2235 1753 1753 7:[815, 833]
2227 535 535 7:[815, 910]
2226 539 539 7:[815]
2247 2110 1831 12:[815, 880]
2243 1463 1463 12:[815, 846]
2241 940 940 12:[815, 829]
2258 2106 2106 17:[815]
2257 1803 1803 12:[815, 879]
2279 2120 2120 12:[815, 823]
2276 2131 2131 15:[815, 856]
2287 1814 1814 17:[815, 824]
2286 1531 1531 10:[815, 841]
2281 481 481 8:[815, 856]
2302 2161 2161 10:[815, 856]
2307 1861 1912 12:[815, 906]
2309 1276 1276 8:[815, 859]
2339 2178 2178 10:[815, 870]
2324 1532 1532 10:[815, 832]
2353 1554 1279 8:[815, 820]
2367 1560 1560 15:[815, 823]
2402 2246 2246 13:[815, 875]
2400 2256 1926 13:[815, 851]
2394 1287 1287 13:[815]
2393 1289 1289 13:[815, 914]
2426 1927 1927 13:[815]
2446 2291 2291 16:[815, 847]
2457 2012 2012 11:[815, 875]
2451 1079 1079 11:[815, 841]
2498 2317 2317 11:[815]
2493 1999 2332 11:[815, 892]
2492 2333 2333 12:[815, 841]
2486 1645 1645 11:[815, 889]
2480 1097 1097 11:[815]
2478 867 867 11:[815, 822]
2521 1677 1677 11:[815]
2519 1381 1381 7:[815]
2544 2383 2383 9:[815]
2538 2029 2029 9:[815]
2552 2046 2046 14:[815]
2571 2407 2407 11:[815, 859]
2569 1427 2151 17:[815, 818]
2568 2061 2061 12:[815, 835]
2566 1731 1731 12:[815, 819]
2565 1671 1671 9:[815]
2564 2435 750 12:[815]
2572 1749 1749 14:[815]
2588 383 383 7:[815, 833]
2611 2093 2093 12:[815, 839]
2610 2094 2094 12:[815, 900]
2608 1459 1459 12:[815, 845]
2606 1185 1185 12:[815, 816]
2604 395 395 12:[815, 848]
2627 2129 2513 10:[815]
2651 1814 1814 17:[815, 835]
2658 1213 1213 10:[815, 834]
2669 1319 1319 9:[815, 833]
2688 1844 1844 10:[815]
2685 1858 1858 10:[815]
2684 1860 1860 10:[815, 857]
2704 2552 2552 15:[815, 829]
2698 1541 1541 12:[815]
2697 1542 1542 13:[815, 825]
2696 1544 1544 15:[815, 901]
2719 2566 2566 13:[815, 845]
2733 2580 2580 15:[815, 894]
2729 2212 2212 15:[815]
2726 2224 2224 15:[815, 857]
2754 2594 2594 20:[815]
2752 2596 2596 8:[815, 833]
2742 1575 1575 8:[815, 816]
2770 2604 2604 13:[815, 904]
2764 1905 1905 13:[815, 820]
2774 2651 2649 18:[815, 886]
2782 2286 2286 11:[815, 839]
2790 1935 1935 13:[815, 822]
2787 1057 1057 13:[815, 854]
2818 2650 2650 15:[815, 818]
2814 2287 2287 18:[815]
2805 1619 1619 15:[815, 854]
2831 1634 1634 13:[815, 834]
2837 1087 1087 18:[815, 869]
2857 2686 2686 11:[815]
2853 2327 2327 11:[815, 879]
2848 1985 1985 11:[815, 829]
2844 2681 945 8:[815, 842]
2872 2737 2724 16:[815, 823]
2865 2343 2343 14:[815, 858]
2863 2401 2016 16:[815, 856]
2879 2712 2712 9:[815, 914]
2878 2698 2698 13:[815, 818]
2877 2355 2355 9:[815, 834]
2914 2739 2739 9:[815]
2913 2741 2741 9:[815, 828]
2912 2746 2746 12:[815, 825]
2907 2446 2446 17:[815, 837]
2905 2378 2378 9:[815, 861]
2901 2027 2027 9:[815, 818]
2900 1702 1702 9:[815]
2897 1128 1128 9:[815]
2921 2761 2761 17:[815, 833]
2919 2395 2395 14:[815, 833]
2917 2051 2051 14:[815, 833]
2928 2150 2150 15:[815, 817]
2937 2779 2779 19:[815, 829]
2951 2798 2798 14:[815, 824]
2949 2803 2803 14:[815, 898]
2964 2819 2819 19:[815]
2958 1172 1172 7:[815, 845]
2978 2830 2830 12:[815, 829]
2975 2454 2454 12:[815, 894]
2970 395 395 12:[815, 830]
2983 2832 2832 14:[815, 860]
2991 2157 2879 10:[815, 852]
2989 2839 2839 19:[815, 836]
3017 2845 2845 12:[815, 824]
3014 2519 2528 17:[815, 865]
3004 2493 2493 12:[815, 822]
3002 2123 2123 12:[815, 844]
3001 2125 2125 12:[815, 820]
3000 2126 2126 12:[815, 829]
2998 2143 2143 12:[815]
2997 1788 1788 12:[815, 817]
3033 2012 2861 11:[815, 842]
3024 2504 2504 17:[815]
3023 2508 2508 17:[815, 875]
3019 968 968 5:[815, 823]
3037 2276 2490 16:[815]
3044 2521 418 9:[815, 885]
3052 2892 2892 14:[815, 899]
3073 2900 2900 10:[815, 868]
3069 2910 2910 10:[815, 876]
3061 1844 1844 10:[815, 908]
3057 1536 1536 10:[815]
3086 2956 2992 14:[815, 827]
3084 2920 2920 15:[815, 901]
3083 2550 2550 15:[815, 823]
3078 2201 2201 15:[815, 876]
3076 1862 1862 15:[815, 818]
3074 1253 1253 15:[815]
3093 2602 2960 8:[815]
3092 2596 2962 8:[815, 842]
3095 2257 2257 13:[815, 852]
3094 2209 2209 13:[815, 824]
3112 2942 2942 15:[815, 909]
3111 2947 2947 15:[815]
3107 2583 2583 15:[815, 822]
3102 1875 1875 15:[815, 847]
3131 2958 2958 8:[815, 818]
3127 2966 2966 20:[815, 847]
3125 2595 2595 20:[815, 828]
3124 2548 2548 10:[815, 847]
3119 1575 1575 8:[815, 828]
3147 2974 2974 13:[815, 826]
3139 2241 2241 13:[815, 899]
3138 2246 2246 13:[815, 848]
3133 1053 1053 6:[815, 827]
3152 2623 3026 18:[815, 841]
3164 2984 2984 20:[815, 817]
3155 1979 1979 9:[815, 835]
3185 2994 2994 13:[815, 839]
3180 3006 3006 13:[815]
3179 3012 3012 16:[815]
3176 3017 3017 13:[815, 853]
3175 3018 3018 10:[815]
3169 1926 1926 13:[815, 822]
3167 1932 1932 13:[815, 860]
3199 3028 3028 18:[815, 893]
3192 2292 2292 18:[815, 816]
3189 1863 1863 15:[815, 858]
3210 2664 2664 11:[815, 847]
3209 2666 2666 11:[815, 823]
3206 2302 2302 11:[815, 828]
3205 1628 1628 11:[815, 881]
3204 1323 1323 11:[815, 889]
3214 2307 2307 13:[815, 837]
3217 1087 1087 18:[815]
3244 3056 3056 11:[815]
3243 3060 3060 11:[815]
3240 3066 3066 19:[815, 841]
3239 3093 3068 11:[815, 818]
3225 223 223 9:[815]
3257 3076 3076 16:[815, 850]
3255 3081 3081 16:[815]
3253 3083 3083 16:[815, 831]
3246 872 872 16:[815, 832]
3245 271 271 10:[815, 874]
3266 1713 3130 9:[815, 833]
3260 2006 2006 9:[815, 912]
3273 3096 3096 14:[815, 832]
3270 2719 2719 14:[815, 818]
3268 2013 2013 14:[815, 832]
3285 3133 3133 7:[815, 842]
3284 3101 3101 16:[815]
3283 3107 3107 16:[815, 859]
3281 2738 2738 9:[815, 857]
3280 2726 2726 16:[815, 879]
3278 2734 2734 16:[815]
3276 2016 2016 16:[815]
3306 3117 3117 9:[815, 903]
3299 2774 2774 19:[815, 819]
3298 2739 2739 9:[815, 884]
3289 2027 2027 9:[815, 851]
3287 1399 1399 9:[815, 824]
3314 2780 2780 8:[815, 912]
3313 2764 2764 14:[815, 865]
3308 1761 1761 12:[815, 856]
3327 3149 3149 16:[815, 915]
3321 2056 2056 17:[815, 832]
3349 3166 3166 14:[815, 866]
3348 3167 3167 14:[815, 836]
3343 3186 3186 10:[815, 825]
3341 2788 2788 14:[815, 841]
3339 2794 2794 14:[815, 827]
3361 3195 3195 19:[815]
3360 3196 3196 13:[815]
3354 2773 2773 16:[815, 816]
3353 2503 2502 20:[815, 856]
3352 2444 2444 16:[815, 870]
3351 2085 2085 7:[815, 861]
3368 3209 3209 12:[815, 851]
3365 2592 1763 9:[815, 848]
3364 940 940 12:[815, 819]
3371 2872 3252 17:[815, 828]
3379 3188 3188 10:[815, 897]
3377 2837 2837 19:[815, 821]
3376 2839 2839 19:[815, 836]
3374 2455 2455 14:[815, 848]
3401 3225 3225 10:[815, 889]
3397 2848 2848 12:[815, 823]
3395 2857 2857 12:[815, 853]
3392 2481 2481 12:[815]
3391 2493 2493 12:[815, 887]
3387 2143 2143 12:[815]
3385 1801 1801 12:[815, 906]
3384 1809 1809 12:[815, 907]
3408 3257 3257 17:[815, 840]
3404 2501 2501 17:[815, 852]
3402 1428 1428 14:[815]
3420 1849 3306 10:[815, 883]
3414 2879 2879 10:[815, 871]
3412 2495 2495 14:[815, 879]
3424 3294 3294 13:[815, 841]
3432 3279 3279 17:[815, 869]
3431 3283 3283 17:[815]
3429 2888 2888 17:[815, 865]
3427 1836 1836 17:[815, 838]
3425 1520 1520 11:[815]
3455 3287 3287 10:[815, 828]
3453 3292 3292 10:[815]
3450 3299 3299 20:[815, 818]
3447 3303 3303 12:[815, 825]
3446 2899 2899 10:[815, 883]
3442 2909 2909 22:[815, 847]
3438 3312 2566 13:[815, 816]
3467 3309 3309 15:[815, 818]
3461 2551 2551 11:[815, 816]
3458 2198 2198 15:[815, 829]
3475 3327 3327 17:[815, 817]
3473 2937 2937 20:[815]
3472 2932 2932 17:[815, 850]
3480 2993 2993 9:[815, 832]
3477 3341 2246 13:[815, 845]
3490 3348 3348 15:[815, 848]
3488 2942 2942 15:[815, 870]
3487 2949 2949 15:[815]
3486 2951 2951 15:[815, 843]
3483 1664 1664 11:[815, 874]
3510 2627 3378 11:[815]
3509 3352 3352 17:[815]
3507 3354 3354 17:[815, 847]
3503 2957 2957 8:[815, 853]
3500 2588 2588 8:[815, 837]
3499 2594 2594 20:[815, 840]
3498 2595 2595 20:[815, 900]
3497 2602 2602 8:[815, 838]
3495 2235 2235 8:[815]
3519 3368 3368 13:[815, 906]
3518 2975 2975 13:[815, 868]
3516 2604 2604 13:[815, 849]
3515 2608 2608 13:[815, 844]
3512 1907 1907 13:[815]
3523 3370 3370 18:[815, 851]
3521 1943 2651 18:[815, 835]
3520 1992 1992 9:[815]
3534 3375 3375 11:[815, 827]
3527 2621 2621 20:[815]
3526 3014 2528 17:[815, 877]
3525 2401 2401 19:[815, 884]
3550 3396 3396 13:[815, 851]
3544 3005 3005 14:[815]
3542 2628 2628 13:[815, 875]
3540 2446 2446 17:[815, 855]
3539 2270 2270 13:[815, 846]
3537 1926 1926 13:[815]
3536 1303 1303 13:[815, 876]
3560 3028 3028 18:[815, 823]
3557 2292 2292 18:[815, 826]
3556 1938 1938 6:[815, 832]
3554 473 473 6:[815, 903]
3575 3412 3412 15:[815, 862]
3574 3414 3414 11:[815, 886]
3572 2804 3043 9:[815]
3567 1628 1628 11:[815]
3566 1074 1074 11:[815, 839]
3582 3065 3462 11:[815, 835]
3581 3421 3421 21:[815]
3580 3422 3422 16:[815, 830]
3577 2308 2308 16:[815, 818]
3576 2004 2004 19:[815, 823]
3593 3426 3426 18:[815, 831]
3592 3427 3427 18:[815, 842]
3591 3430 3430 18:[815, 817]
3589 3432 3432 18:[815, 866]
3585 1641 1641 18:[815, 836]
3584 3075 1372 12:[815]
3583 1087 1087 18:[815, 878]
3612 3436 3436 11:[815, 839]
3610 3439 3439 14:[815, 830]
3609 3442 3442 23:[815]
3608 3443 3443 11:[815, 879]
3607 3446 3446 11:[815, 860]
3606 3448 3448 23:[815]
3602 3068 3068 11:[815, 836]
3599 2681 2681 11:[815, 870]
3598 2685 2685 11:[815, 871]
3597 2688 2688 11:[815, 887]
3596 2328 2328 11:[815]
3631 3475 3489 16:[815, 893]
3630 3111 3491 16:[815]
3629 3459 3459 16:[815, 823]
3628 3460 3460 16:[815]
3626 3465 3465 14:[815, 864]
3625 3466 3466 10:[815, 908]
3623 2733 3112 16:[815, 833]
3618 2718 2718 14:[815, 848]
3617 2696 2696 16:[815]
3615 2704 2704 16:[815, 836]
3640 3476 3476 19:[815, 887]
3639 3093 3093 9:[815, 870]
3638 3052 3052 15:[815, 901]
3637 2844 2844 9:[815]
3636 2781 2781 19:[815, 830]
3634 2315 2315 18:[815, 825]
3632 3107 368 9:[815]
3651 3477 3477 14:[815, 865]
3650 3186 3186 10:[815, 884]
3649 3485 3160 19:[815, 869]
3648 3094 3094 14:[815, 830]
3645 2719 2719 14:[815]
3644 2451 2451 12:[815]
3642 2013 2013 14:[815, 836]
3664 3482 3482 16:[815, 839]
3661 3487 3487 16:[815]
3660 3490 3490 16:[815, 905]
3657 3102 3102 16:[815]
3652 2564 1730 7:[815]
3686 3494 3494 9:[815, 890]
3683 3498 3498 21:[815, 864]
3682 3499 3499 21:[815, 855]
3679 3505 3505 21:[815, 875]
3675 3120 3120 9:[815, 823]
3670 3128 3128 21:[815, 817]
3668 2742 2742 9:[815, 894]
3665 2378 2378 9:[815]
3698 3534 3543 14:[815, 823]
3697 2145 3225 10:[815]
3695 3138 3138 14:[815, 855]
3693 3512 3147 14:[815]
3690 2393 2393 14:[815, 820]
3689 2400 2400 14:[815]
3688 2051 2051 14:[815]
3709 3199 3560 19:[815, 861]
3708 3520 3520 10:[815, 893]
3707 3521 3521 19:[815, 832]
3706 3523 3523 19:[815]
3705 3269 3269 17:[815, 899]
3703 3159 3159 14:[815, 819]
3701 2056 2056 17:[815]
3718 3574 3566 12:[815, 868]
3717 3233 3575 16:[815, 826]
3716 3525 3525 20:[815, 827]
3715 3529 3529 12:[815, 878]
3714 3179 3179 17:[815, 840]
3713 3164 3164 21:[815, 874]
3710 2061 2061 12:[815, 817]
3742 3541 3541 14:[815]
3741 3544 3544 15:[815, 847]
3739 3546 3546 14:[815]
3738 3549 3549 11:[815]
3736 3553 3553 14:[815, 822]
3735 3515 3263 15:[815, 912]
3733 2805 3214 14:[815]
3732 3176 3176 14:[815, 822]
3731 3177 3177 14:[815, 833]
3730 3184 3184 14:[815, 860]
3729 3124 3124 11:[815, 889]
3728 2907 2907 18:[815, 826]
3727 2787 2787 14:[815, 845]
3724 2417 2417 14:[815, 818]
3722 2067 2067 14:[815, 836]
3721 2078 2078 14:[815, 860]
3719 1427 1427 14:[815, 862]
3753 3557 3557 19:[815, 871]
3752 3559 3559 19:[815, 835]
3751 3561 3561 7:[815, 832]
3749 2723 2723 13:[815, 843]
3747 3581 2276 16:[815]
3746 1276 1276 8:[815, 877]
3745 1171 1171 7:[815]
3757 2415 2415 14:[815, 833]
3756 1185 1185 12:[815, 837]
3755 940 940 12:[815]
3768 3586 3623 17:[815, 870]
3765 3578 3578 14:[815]
3764 3252 3402 15:[815, 912]
3763 3589 2862 17:[815, 826]
3762 2921 1500 14:[815, 908]
3775 3585 3585 19:[815, 841]
3770 2118 2118 10:[815, 842]
3796 3599 3599 12:[815, 870]
3794 3601 3603 13:[815, 872]
3793 3607 3607 12:[815, 818]
3792 3608 3608 12:[815, 816]
3791 3239 3239 12:[815, 861]
3790 3243 3243 12:[815, 816]
3789 3244 3244 12:[815, 861]
3788 2848 2848 12:[815, 886]
3787 2853 2853 12:[815]
3786 2872 2519 8:[815, 836]
3785 2478 2478 12:[815, 830]
3784 2480 2480 12:[815, 900]
3783 2486 2486 12:[815, 840]
3780 2367 2367 16:[815, 826]
3779 2126 2126 12:[815, 865]
3778 2143 2143 12:[815, 822]
3777 1809 1809 12:[815, 868]
3806 3616 3616 15:[815, 889]
3804 3314 3625 11:[815]
3803 3628 3628 17:[815, 826]
3802 3631 3631 17:[815, 846]
3800 3247 3247 14:[815, 825]
3799 3253 3253 17:[815, 874]
3797 2865 2865 15:[815, 838]
3824 3653 3676 10:[815]
3821 3634 3634 19:[815, 888]
3819 3640 3640 20:[815, 821]
3817 3298 3297 10:[815, 839]
3815 3285 3285 8:[815, 860]
3814 3266 3266 10:[815, 839]
3813 2993 2993 9:[815]
3810 2879 2879 10:[815, 836]
3808 3306 1849 10:[815, 866]
3807 3660 1850 10:[815, 887]
3837 3642 3642 15:[815, 908]
3836 3645 3645 15:[815, 823]
3833 3307 3651 15:[815, 871]
3832 3343 3343 11:[815]
3831 3299 3299 20:[815, 823]
3830 3281 3281 10:[815, 857]
3829 3270 3270 15:[815, 898]
3828 3272 3272 20:[815, 892]
3827 3273 3273 15:[815, 855]
3826 2495 2495 14:[815, 832]
3825 2167 2167 12:[815]
3850 3670 3702 20:[815, 822]
3847 3661 3661 17:[815, 829]
3846 3662 3662 17:[815, 817]
3845 3664 3664 17:[815, 818]
3843 2895 3285 8:[815, 831]
3842 2831 2831 14:[815, 841]
3841 2257 2257 13:[815, 872]
3840 1836 1836 17:[815, 875]
3839 3318 1664 11:[815, 819]
3869 1385 3716 21:[815, 834]
3864 3684 3684 10:[815, 847]
3863 3308 3308 13:[815, 818]
3862 3287 3287 10:[815, 842]
3861 3289 3289 10:[815, 840]
3860 3257 3257 17:[815, 834]
3859 2900 2900 10:[815, 827]
3857 2905 2905 10:[815]
3856 2913 2913 10:[815, 834]
3855 2878 2878 14:[815]
3854 2188 2188 10:[815, 816]
3852 1852 1852 10:[815, 900]
3851 999 999 10:[815]
3884 2569 3719 15:[815, 899]
3881 3345 3735 16:[815, 838]
3880 3689 3689 15:[815, 895]
3879 3695 3695 15:[815, 843]
3878 3696 3696 15:[815, 905]
3877 3698 3698 15:[815]
3876 3260 3260 10:[815, 827]
3875 2937 2937 20:[815, 872]
3873 2919 2919 15:[815, 847]
3872 3321 2572 15:[815]
3871 2552 2552 15:[815, 832]
3892 2957 3745 8:[815, 908]
3891 3720 3720 14:[815, 820]
3889 3703 3703 15:[815, 875]
3888 3708 3708 11:[815, 830]
3885 2286 2286 11:[815, 841]
3900 3368 3757 15:[815, 861]
3899 3739 3759 16:[815, 875]
3898 3750 3750 17:[815, 825]
3897 3710 3710 13:[815, 819]
3895 3717 3717 17:[815, 817]
3894 3327 3327 17:[815, 850]
3893 2568 2568 13:[815, 825]
3915 3758 3758 13:[815, 826]
3914 3721 3721 15:[815, 822]
3913 3722 3722 15:[815, 848]
3911 3732 3732 15:[815, 817]
3909 3371 3524 16:[815, 820]
3908 3336 3336 15:[815, 823]
3907 3341 3341 15:[815, 892]
3906 3348 3348 15:[815, 855]
3905 3349 3349 15:[815, 846]
3903 2951 2951 15:[815]
3902 2446 2446 17:[815, 833]
3901 2223 2223 15:[815]
3930 2247 3747 17:[815, 819]
3928 3753 3753 20:[815, 908]
3927 3351 3351 8:[815, 821]
3926 3352 3352 17:[815, 837]
3925 3361 3361 20:[815, 829]
3924 2958 2958 8:[815, 861]
3923 2964 2964 20:[815, 885]
3922 3751 2627 11:[815]
3921 2588 2588 8:[815, 847]
3920 2573 2227 8:[815, 845]
3918 1992 1992 9:[815, 909]
3917 1577 1577 8:[815, 817]
3916 1039 1039 8:[815, 827]
3939 3397 3788 13:[815, 822]
3937 2975 2975 13:[815, 819]
3936 2604 2604 13:[815, 867]
3935 2606 2606 13:[815]
3933 2610 2610 13:[815, 879]
3932 2241 2241 13:[815, 914]
3931 1907 1907 13:[815, 819]
3944 3763 3763 18:[815, 880]
3943 3764 3764 16:[815, 831]
3942 3768 3768 18:[815, 899]
3940 3023 3019 6:[815, 865]
3955 3411 3808 11:[815, 880]
3954 2004 3818 19:[815, 864]
3953 3775 3775 20:[815, 874]
3952 3420 3420 11:[815, 846]
3951 3376 3376 20:[815, 878]
3950 3377 3377 20:[815, 840]
3949 3354 3354 17:[815]
3948 3796 3175 11:[815, 855]
3946 3770 2668 14:[815, 820]
3977 3427 3836 16:[815, 830]
3976 3777 3777 13:[815, 841]
3975 3779 3779 13:[815, 888]
3974 3783 3783 13:[815, 850]
3973 3784 3784 13:[815, 822]
3972 3785 3785 13:[815, 888]
3971 3787 3787 13:[815, 817]
3970 3789 3789 13:[815, 855]
3969 3793 3793 13:[815, 866]
3968 3385 3385 13:[815, 843]
3967 3391 3391 13:[815, 867]
3966 3392 3392 13:[815, 828]
3965 3374 3374 15:[815, 855]
3964 3357 3357 20:[815, 836]
3963 2997 2997 13:[815, 825]
3962 3001 3001 13:[815, 858]
3961 3002 3002 13:[815]
3960 3014 3014 18:[815, 832]
3958 2279 2279 13:[815, 821]
3957 1926 1926 13:[815, 829]
3989 3850 3840 18:[815, 877]
3988 2564 3848 9:[815, 876]
3987 3797 3797 16:[815]
3985 3799 3799 18:[815, 885]
3984 3800 3800 15:[815]
3983 3806 3806 16:[815, 836]
3982 3404 3404 18:[815, 885]
3981 2651 2651 18:[815, 843]
3979 1938 1938 6:[815]
3978 2658 1641 18:[815, 818]
4005 3843 3843 9:[815, 831]
4004 3807 3807 11:[815]
4003 3810 3810 11:[815]
4002 3812 3812 14:[815, 850]
4001 3817 3817 11:[815, 852]
4000 3811 3819 21:[815, 849]
3999 3821 3821 20:[815, 817]
3998 3823 3823 23:[815, 850]
3997 3827 3438 14:[815]
3996 3814 3446 11:[815, 869]
3995 3414 3414 11:[815]
3994 3831 3408 18:[815, 902]
3993 3876 3379 11:[815, 870]
3992 3186 3186 10:[815, 817]
3991 2302 2302 11:[815, 908]
3990 1628 1628 11:[815, 832]
4019 3448 3875 21:[815]
4018 3825 3825 13:[815, 823]
4016 3828 3828 21:[815, 818]
4015 3829 3829 16:[815]
4014 3830 3830 11:[815, 903]
4013 3832 3832 12:[815, 822]
4012 3833 3833 16:[815, 822]
4011 3450 3450 21:[815, 861]
4010 3412 3412 15:[815]
4009 3179 3078 16:[815, 850]
4008 3069 3069 11:[815, 850]
4007 2565 2565 10:[815, 817]
4031 3839 3839 12:[815]
4030 3841 3841 14:[815]
4029 3842 3842 15:[815, 860]
4028 3846 3846 18:[815, 860]
4027 3474 3474 12:[815]
4026 3425 3425 12:[815, 845]
4025 3429 3429 18:[815, 826]
4024 3431 3431 18:[815, 865]
4023 3432 3432 18:[815, 831]
4022 3095 3095 14:[815, 824]
4021 1087 1087 18:[815]
4020 116 418 9:[815, 877]
4044 3851 3851 11:[815]
4043 3856 3856 11:[815, 837]
4042 3857 3857 11:[815, 827]
4041 3859 3859 11:[815]
4040 3863 3863 14:[815, 819]
4039 3869 3869 22:[815, 859]
4038 3442 3442 23:[815, 827]
4037 3453 3453 11:[815]
4036 3455 3455 11:[815, 869]
4035 1372 3245 11:[815, 840]
4034 2684 2684 11:[815, 870]
4033 2685 2685 11:[815, 841]
4032 1663 1663 11:[815, 852]
4062 3893 3893 14:[815, 837]
4061 3895 3895 18:[815, 823]
4060 3871 3871 16:[815, 817]
4059 3872 3872 16:[815, 817]
4058 3879 3879 16:[815, 851]
4057 3881 3881 17:[815]
4056 2719 3540 18:[815]
4055 3473 3473 21:[815]
4053 3461 3461 12:[815, 853]
4052 3878 3240 20:[815, 828]
4051 3074 3074 16:[815, 861]
4050 3076 3076 16:[815, 880]
4049 3083 3024 18:[815, 834]
4048 2696 2696 16:[815, 818]
4047 2697 2697 14:[815, 849]
4046 2451 2451 12:[815]
4045 872 872 16:[815, 831]
4072 3520 3924 9:[815]
4071 3915 3915 14:[815, 838]
4070 3889 3889 16:[815]
4069 3892 3892 9:[815, 836]
4068 3483 3483 12:[815, 828]
4067 3472 3472 18:[815, 846]
4066 3092 3092 9:[815, 900]
4065 3093 3093 9:[815]
4064 2243 2243 13:[815]
4063 1822 1822 9:[815, 829]
4076 3897 3897 14:[816, 823]
4075 3900 3900 16:[816, 820]
4074 3475 3475 18:[816, 836]
4073 3094 3094 14:[816, 896]
4098 3922 3940 7:[817, 839]
4097 2394 3943 17:[817, 878]
4096 3152 3944 19:[817, 837]
4095 3939 3939 14:[817, 831]
4094 3902 3902 18:[817, 829]
4093 3903 3903 16:[817, 879]
4092 3905 3905 16:[817, 831]
4091 3906 3906 16:[817, 868]
4090 3908 3908 16:[817, 842]
4089 3913 3913 16:[817]
4088 3525 3525 20:[817, 827]
4087 3486 3486 16:[817]
4086 3487 3487 16:[817, 858]
4085 3488 3488 16:[817, 834]
4084 3490 3490 16:[817, 894]
4083 3133 3133 7:[817, 843]
4082 3102 3102 16:[817, 840]
4081 3107 3107 16:[817, 896]
4080 2907 2907 18:[817, 830]
4079 2726 2726 16:[817, 831]
4078 3930 2056 17:[817, 852]
4077 269 269 10:[817]
4119 3916 3916 9:[818]
4118 3108 3920 9:[818, 832]
4117 3921 3921 9:[818, 910]
4116 3925 3925 21:[818, 835]
4115 3927 3927 9:[818, 886]
4114 3495 3495 9:[818, 891]
4113 3497 3497 9:[818]
4112 3498 3498 21:[818, 849]
4111 3499 3499 21:[818, 858]
4110 3500 3500 9:[818, 839]
4109 3503 3503 9:[818, 851]
4108 3509 3509 18:[818]
4107 3119 3119 9:[818, 879]
4106 3125 3125 21:[818, 836]
4105 3127 3127 21:[818, 841]
4104 3052 3052 15:[818, 847]
4103 2754 2754 21:[818, 904]
4102 2698 2698 13:[818]
4101 2258 2258 18:[818, 900]
4100 2145 2145 6:[818]
4099 3923 2058 12:[818, 851]
4132 3169 3969 14:[819]
4131 3932 3932 14:[819, 886]
4130 3936 3936 14:[819]
4129 3512 3512 14:[819]
4128 3515 3515 14:[819, 894]
4127 3519 3519 14:[819, 827]
4126 1742 3180 14:[819, 880]
4125 3138 3138 14:[819]
4124 3139 3139 14:[819]
4123 2764 2764 14:[819, 895]
4122 2393 2393 14:[819, 833]
4121 2400 2400 14:[819, 872]
4120 2402 2402 14:[819, 880]
4137 3199 3981 19:[820]
4136 3521 3521 19:[820, 857]
4135 3523 3523 19:[820, 848]
4134 3447 3447 13:[820, 838]
4133 1730 1730 7:[820, 852]
4148 3948 3948 12:[821, 835]
4147 3949 3949 18:[821, 835]
4146 3950 3950 21:[821, 888]
4145 3952 3952 12:[821, 854]
4144 3953 3953 21:[821, 900]
4143 3955 3955 12:[821, 843]
4142 3526 3526 18:[821]
4141 3527 3527 21:[821]
4140 3507 3507 18:[821, 890]
4139 2921 2921 18:[821, 831]
4138 3988 750 12:[821, 900]
4167 3582 4008 12:[822]
4166 3957 3957 14:[822]
4165 3960 3960 19:[822, 845]
4164 3964 3964 21:[822, 909]
4163 3965 3965 16:[822, 824]
4162 3966 3966 14:[822, 881]
4161 3972 3972 14:[822, 836]
4160 3560 3560 19:[822, 894]
4159 3536 3536 14:[822, 878]
4158 3537 3537 14:[822]
4157 3539 3539 14:[822, 836]
4156 3542 3542 14:[822, 894]
4155 3544 3544 15:[822, 828]
4154 3550 3550 14:[822, 909]
4153 3176 3176 14:[822, 826]
4152 3185 3185 14:[822]
4151 2067 2067 14:[822, 838]
4150 1427 1427 14:[822]
4149 3554 1342 8:[822, 837]
4176 3979 3979 7:[823, 862]
4175 3982 3982 19:[823, 837]
4174 3984 3984 16:[823, 841]
4173 3985 3985 19:[823, 837]
4172 3987 3987 17:[823, 856]
4171 3581 3747 17:[823]
4170 3942 3589 19:[823, 834]
4169 3209 3306 10:[823, 843]
4168 2805 2805 16:[823]
4192 2118 4035 12:[824, 847]
4191 3990 3990 12:[824, 846]
4190 3991 3991 12:[824, 897]
4189 3995 3995 12:[824, 836]
4188 3996 3996 12:[824]
4187 3997 3997 15:[824, 884]
4186 4000 4000 22:[824]
4185 4003 4003 12:[824, 867]
4184 3764 3705 18:[824, 907]
4183 4026 3602 12:[824]
4182 3566 3566 12:[824]
4181 3343 3343 11:[824]
4180 3204 3204 12:[824, 886]
4179 3210 3210 12:[824, 838]
4178 4009 2848 12:[824, 877]
4177 940 940 12:[824]
4198 2863 4045 17:[825, 876]
4197 4010 4010 16:[825]
4196 4015 4015 17:[825, 859]
4195 4019 4019 22:[825, 908]
4194 3575 3575 16:[825, 827]
4193 3214 3214 14:[825, 829]
4211 4046 4046 13:[826]
4210 4021 4021 19:[826, 902]
4209 4027 4027 13:[826, 827]
4208 4029 4029 16:[826, 861]
4207 3649 3649 20:[826]
4206 3636 3636 20:[826]
4205 3625 3625 11:[826, 877]
4204 3585 3585 19:[826]
4203 3593 3593 19:[826, 882]
4202 3217 3217 19:[826, 887]
4201 3124 3124 11:[826, 903]
4200 2837 2837 19:[826]
4199 1780 1780 19:[826, 840]
4235 4068 4068 13:[827, 842]
4234 4032 4032 12:[827, 889]
4233 4034 4034 12:[827, 841]
4232 4039 4039 23:[827]
4231 4041 4041 12:[827]
4230 4044 4044 12:[827, 883]
4229 4056 3645 15:[827, 830]
4228 3618 3618 15:[827, 880]
4227 3599 3599 12:[827]
4226 3607 3607 12:[827]
4225 3276 3276 17:[827, 837]
4224 3243 3243 12:[827]
4223 3244 3244 12:[827, 874]
4222 2853 2853 12:[827, 874]
4221 2857 2857 12:[827]
4220 2480 2480 12:[827]
4219 2486 2486 12:[827, 841]
4218 2492 2492 13:[827, 833]
4217 2493 2493 12:[827, 871]
4216 2498 2498 12:[827, 847]
4215 2457 2457 12:[827, 852]
4214 2126 2126 12:[827, 841]
4213 2143 2143 12:[827, 888]
4212 1809 1809 12:[827, 852]
4249 4047 4047 15:[828, 871]
4248 4049 4049 19:[828, 857]
4247 4051 4051 17:[828, 886]
4246 4053 4053 13:[828, 847]
4245 4055 4055 22:[828, 842]
4244 4057 4057 18:[828, 842]
4243 3617 3617 17:[828, 904]
4242 3630 3630 17:[828, 840]
4241 3631 3631 17:[828, 878]
4240 3246 3246 17:[828]
4239 3253 3253 17:[828]
4238 2865 2865 15:[828, 855]
4237 1520 2446 17:[828, 843]
4236 1500 1500 14:[828, 883]
4263 3683 4112 22:[829, 835]
4262 4083 4083 8:[829, 864]
4261 4095 4095 15:[829, 852]
4260 4065 4065 10:[829, 853]
4259 4067 4067 19:[829]
4258 4069 4069 10:[829, 905]
4257 3639 3639 10:[829, 871]
4256 3314 3314 9:[829, 830]
4255 3281 3281 10:[829, 901]
4254 3285 3285 8:[829]
4253 3189 3189 16:[829, 908]
4252 2877 2877 10:[829, 901]
4251 2257 2257 13:[829, 855]
4250 2521 500 10:[829]
4270 4074 4074 19:[830, 831]
4269 3642 3642 15:[830]
4268 3651 3651 15:[830]
4267 3273 3273 15:[830]
4266 2519 2519 8:[830, 844]
4265 4097 2201 15:[830, 897]
4264 2167 2167 12:[830, 897]
4290 3706 4135 20:[831, 846]
4289 4103 4136 20:[831, 873]
4288 4078 4078 18:[831, 851]
4287 4081 4081 17:[831, 858]
4286 4082 4082 17:[831]
4285 4084 4084 17:[831, 845]
4284 4085 4085 17:[831, 833]
4283 4086 4086 17:[831]
4282 4087 4087 17:[831, 891]
4281 4090 4090 17:[831, 890]
4280 4093 4093 17:[831, 865]
4279 3708 3701 18:[831, 848]
4278 3657 3657 17:[831, 845]
4277 3660 3660 17:[831]
4276 3661 3661 17:[831, 845]
4275 3664 3664 17:[831, 850]
4274 3308 3308 13:[831, 903]
4273 3283 3283 17:[831]
4272 3284 3284 17:[831, 870]
4271 2339 2339 11:[831, 838]
4311 4133 4138 13:[832, 857]
4310 4099 4099 13:[832, 875]
4309 4101 4101 19:[832, 912]
4308 4106 4106 22:[832, 850]
4307 4108 4108 19:[832, 878]
4306 4109 4109 10:[832, 833]
4305 4110 4110 10:[832, 853]
4304 4113 4113 10:[832, 856]
4303 4114 4114 10:[832, 881]
4302 4115 4115 10:[832]
4301 3682 3682 22:[832, 834]
4300 3638 3638 16:[832, 915]
4299 3298 3298 10:[832, 846]
4298 2900 2900 10:[832, 835]
4297 2905 2905 10:[832, 875]
4296 2914 2914 10:[832, 870]
4295 3167 2309 9:[832, 878]
4294 2286 2286 11:[832, 882]
4293 2188 2188 10:[832, 846]
4292 1850 1850 10:[832]
4291 1852 1852 10:[832, 850]
4324 3719 4150 15:[833, 876]
4323 3679 4164 22:[833, 854]
4322 4145 4143 13:[833, 909]
4321 4120 4120 15:[833, 866]
4320 4121 4121 15:[833, 847]
4319 4126 4126 15:[833, 836]
4318 4128 4128 15:[833, 893]
4317 4129 4129 15:[833, 847]
4316 4131 4131 15:[833, 847]
4315 4132 4132 15:[833, 857]
4314 3689 3689 15:[833]
4313 3313 3313 15:[833, 852]
4312 2552 2552 15:[833, 847]
4329 2572 4171 18:[834, 850]
4328 4134 4134 14:[834, 852]
4327 3360 3813 10:[834]
4326 3709 3709 20:[834, 848]
4325 2831 2831 14:[834]
4340 4190 4180 13:[835, 842]
4339 3348 4181 12:[835]
4338 3351 4186 23:[835, 856]
4337 3368 4189 13:[835, 871]
4336 4141 4141 22:[835]
4335 4142 4142 19:[835, 838]
4334 4091 4091 17:[835]
4333 3713 3713 22:[835]
4332 3718 3718 13:[835]
4331 3353 3353 21:[835, 855]
4330 1992 1992 9:[835, 847]
4360 4107 4198 18:[836]
4359 4151 4151 15:[836, 863]
4358 4152 4152 15:[836, 883]
4357 4154 4154 15:[836, 883]
4356 4158 4158 15:[836, 885]
4355 4160 4160 20:[836, 881]
4354 4166 4166 15:[836, 850]
4353 4167 4167 13:[836, 904]
4352 3721 3721 15:[836]
4351 3727 3727 15:[836, 901]
4350 3730 3730 15:[836, 856]
4349 3738 3738 12:[836, 879]
4348 3739 3739 15:[836]
4347 3741 3741 16:[836]
4346 3349 3349 15:[836]
4345 3327 3327 17:[836, 884]
4344 2949 2949 15:[836, 879]
4343 1907 2844 9:[836, 844]
4342 2223 2223 15:[836]
4341 1564 1564 15:[836, 856]
4370 4176 4176 8:[837, 874]
4369 3745 3745 8:[837, 884]
4368 3352 3352 17:[837, 860]
4367 3361 3361 20:[837, 850]
4366 3260 3260 10:[837]
4365 2964 2964 20:[837, 893]
4364 2669 2627 11:[837, 872]
4363 2150 2150 15:[837, 885]
4362 1577 1577 8:[837, 862]
4361 1039 1039 8:[837, 873]
4383 4234 4227 13:[838, 855]
4382 4183 4183 13:[838, 840]
4381 4185 4185 13:[838, 872]
4380 4187 4187 16:[838]
4379 4188 4188 13:[838, 895]
4378 3832 3832 12:[838, 904]
4377 3755 3755 13:[838, 847]
4376 3424 3424 14:[838, 907]
4375 3365 3365 10:[838, 840]
4374 2975 2975 13:[838, 874]
4373 2604 2604 13:[838]
4372 2608 2608 13:[838]
4371 2610 2610 13:[838]
4389 3794 4248 20:[839]
4388 4195 4195 23:[839]
4387 4197 4197 17:[839]
4386 3385 3806 16:[839, 885]
4385 3768 3768 18:[839]
4384 4204 3374 15:[839]
4396 4201 4201 12:[840, 891]
4395 4202 4202 20:[840, 862]
4394 4205 4205 12:[840, 852]
4393 4208 4208 17:[840, 854]
4392 3770 3770 11:[840, 864]
4391 3775 3775 20:[840, 851]
4390 3729 3729 12:[840, 844]
4420 3829 4267 16:[841]
4419 4262 4262 9:[841]
4418 4212 4212 13:[841]
4417 4216 4216 13:[841, 850]
4416 4217 4217 13:[841, 855]
4415 4222 4222 13:[841, 851]
4414 4223 4223 13:[841, 889]
4413 4224 4224 13:[841, 897]
4412 4226 4226 13:[841, 866]
4411 4231 4231 13:[841, 855]
4410 4232 4232 24:[841]
4409 3777 3777 13:[841, 855]
4408 3779 3779 13:[841, 913]
4407 3784 3784 13:[841, 874]
4406 3787 3787 13:[841, 855]
4405 3788 3788 13:[841, 849]
4404 3789 3789 13:[841]
4403 3791 3791 13:[841, 846]
4402 3796 3796 13:[841]
4401 3384 3384 13:[841, 893]
4400 3391 3391 13:[841, 883]
4399 3392 3392 13:[841, 855]
4398 3002 3002 13:[841, 851]
4397 3014 3014 18:[841, 860]
4434 2307 4272 18:[842, 878]
4433 4250 4273 18:[842, 907]
4432 4236 4236 15:[842, 878]
4431 4239 4239 18:[842, 865]
4430 4240 4240 18:[842, 856]
4429 4243 4243 18:[842]
4428 4246 4246 14:[842, 848]
4427 3799 3799 18:[842]
4426 3802 3802 18:[842, 859]
4425 3404 3404 18:[842, 888]
4424 3023 3023 18:[842, 856]
4423 2983 2983 15:[842, 857]
4422 2004 2004 19:[842]
4421 1938 1938 6:[842, 885]
4446 4252 4252 11:[843]
4445 4255 4255 11:[843, 846]
4444 4258 4258 11:[843]
4443 3841 3841 14:[843, 882]
4442 3807 3807 11:[843, 845]
4441 3808 3808 11:[843]
4440 3650 3650 11:[843]
4439 3414 3414 11:[843, 883]
4438 269 3245 11:[843, 903]
4437 3095 3095 14:[843, 895]
4436 3069 3069 11:[843, 845]
4435 2302 2302 11:[843, 875]
4458 4264 4264 13:[844, 866]
4457 4253 4265 16:[844]
4456 4268 4268 16:[844, 858]
4455 4269 4269 16:[844, 858]
4454 4203 4203 20:[844, 863]
4453 4295 3872 16:[844, 861]
4452 3880 3880 16:[844, 855]
4451 3825 3825 13:[844]
4450 3827 3827 16:[844, 864]
4449 3821 3821 20:[844]
4448 3851 3074 16:[844, 867]
4447 3824 872 16:[844]
4473 3890 4327 11:[845]
4472 4274 4274 14:[845, 858]
4471 4277 4277 18:[845]
4470 4286 4286 18:[845, 859]
4469 4287 4287 18:[845, 850]
4468 3877 3877 16:[845, 857]
4467 3840 3840 18:[845, 870]
4466 3828 3828 21:[845, 914]
4465 3425 3425 12:[845, 898]
4464 3429 3429 18:[845, 859]
4463 3432 3432 18:[845]
4462 3412 3412 15:[845, 860]
4461 3540 3093 9:[845, 862]
4460 2774 2774 19:[845, 881]
4459 1087 1087 18:[845]
4488 4292 4292 11:[846]
4487 4294 4294 12:[846, 852]
4486 4297 4297 11:[846]
4485 4308 4308 23:[846, 881]
4484 4310 4310 14:[846, 899]
4483 4311 4311 14:[846, 874]
4482 4293 3918 10:[846]
4481 3857 3857 11:[846, 849]
4480 3525 3525 20:[846, 913]
4479 3483 3483 12:[846, 852]
4478 3473 3473 21:[846, 886]
4477 3442 3442 23:[846]
4476 3446 3446 11:[846]
4475 3073 3073 11:[846, 891]
4474 2684 2684 11:[846]
4502 4338 4353 14:[847, 884]
4501 4314 4314 16:[847, 864]
4500 4315 4315 16:[847, 851]
4499 4318 4318 16:[847, 851]
4498 4321 4321 16:[847, 861]
4497 4323 4323 23:[847, 859]
4496 4324 4324 16:[847]
4495 3889 3889 16:[847]
4494 3878 3878 16:[847]
4493 4329 3488 16:[847]
4492 3078 3078 16:[847, 885]
4491 3084 3084 16:[847, 861]
4490 2696 2696 16:[847]
4489 2565 2565 10:[847]
4510 4078 4364 12:[848, 865]
4509 4325 4325 15:[848, 883]
4508 4328 4328 15:[848, 854]
4507 4322 4322 14:[848]
4506 3520 3924 9:[848]
4505 3892 3892 9:[848, 897]
4504 3855 3855 15:[848]
4503 3472 3472 18:[848, 864]
4519 4368 4368 18:[849, 865]
4518 4331 4331 22:[849]
4517 4332 4332 14:[849]
4516 4337 4337 14:[849, 883]
4515 2393 3932 14:[849, 866]
4514 3899 3899 17:[849]
4513 3900 3900 16:[849, 867]
4512 3112 3402 15:[849, 899]
4511 3379 3379 11:[849]
4540 4341 4341 16:[850, 858]
4539 4344 4344 16:[850, 864]
4538 4345 4345 18:[850, 878]
4537 4346 4346 16:[850, 864]
4536 4347 4347 17:[850, 897]
4535 4348 4348 16:[850, 891]
4534 4356 4356 16:[850, 913]
4533 4357 4357 16:[850, 908]
4532 4359 4359 16:[850, 886]
4531 4360 4360 19:[850]
4530 4097 4097 18:[850, 856]
4529 3179 3954 20:[850, 889]
4528 4363 3942 19:[850, 851]
4527 3901 3901 16:[850]
4526 3903 3903 16:[850]
4525 3906 3906 16:[850, 860]
4524 3907 3907 16:[850, 887]
4523 3487 3487 16:[850, 883]
4522 3111 3111 16:[850]
4521 2726 2726 16:[850]
4520 2733 2733 16:[850, 873]
4554 4361 4361 9:[851]
4553 4362 4362 9:[851, 879]
4552 4365 4365 21:[851, 896]
4551 4369 4369 9:[851, 855]
4550 4370 4370 9:[851, 865]
4549 3922 3922 12:[851, 898]
4548 3923 3923 21:[851, 865]
4547 3928 3928 21:[851, 871]
4546 3495 3495 9:[851, 855]
4545 3498 3498 21:[851, 865]
4544 3503 3503 9:[851, 898]
4543 3509 3509 18:[851, 865]
4542 2754 2754 21:[851, 865]
4541 1128 1128 9:[851]
4568 4392 4416 14:[852, 870]
4567 4372 4372 14:[852, 866]
4566 4373 4373 14:[852, 856]
4565 4380 4380 17:[852, 869]
4564 4383 4383 14:[852, 886]
4563 3933 3933 14:[852, 897]
4562 3936 3936 14:[852, 866]
4561 3512 3512 14:[852, 866]
4560 3519 3519 14:[852, 857]
4559 3139 3139 14:[852, 866]
4558 3024 2787 14:[852, 895]
4557 2770 2770 14:[852]
4556 2394 2394 14:[852, 866]
4555 2402 2402 14:[852]
4570 4387 4387 18:[853]
4569 3989 4056 19:[853, 903]
4582 3991 4435 12:[854, 887]
4581 4431 4431 19:[854, 860]
4580 4396 4396 13:[854, 868]
4579 1427 3995 12:[854]
4578 2426 3997 15:[854, 877]
4577 3948 3948 12:[854]
4576 3951 3951 21:[854]
4575 3953 3953 21:[854, 868]
4574 3955 3955 12:[854, 891]
4573 3526 3526 18:[854, 882]
4572 3527 3527 21:[854, 871]
4571 4394 2457 12:[854, 912]
4594 4397 4397 19:[855]
4593 4407 4407 14:[855, 888]
4592 4410 4410 25:[855]
4591 4420 4420 17:[855, 900]
4590 3961 3961 14:[855, 856]
4589 3962 3962 14:[855]
4588 3975 3975 14:[855, 899]
4587 3536 3536 14:[855, 862]
4586 3537 3537 14:[855, 864]
4585 3544 3544 15:[855, 913]
4584 3167 3167 14:[855]
4583 3180 3180 14:[855]
4610 3575 4462 16:[856]
4609 4423 4423 16:[856, 900]
4608 4425 4425 19:[856, 868]
4607 4426 4426 19:[856, 866]
4606 4434 4434 19:[856, 874]
4605 4171 4171 18:[856, 873]
4604 4039 4039 23:[856]
4603 4027 4027 13:[856, 857]
4602 3979 3979 7:[856, 915]
4601 3982 3982 19:[856, 903]
4600 3985 3985 19:[856, 906]
4599 3987 3987 17:[856]
4598 3972 3972 14:[856, 860]
4597 4424 3705 18:[856, 883]
4596 3306 3306 10:[856]
4595 3199 3199 19:[856]
4630 4055 4478 22:[857, 889]
4629 4466 4483 15:[857, 908]
4628 4437 4437 15:[857]
4627 3584 4438 12:[857, 899]
4626 4440 4440 12:[857, 860]
4625 4441 4441 12:[857]
4624 4046 4046 13:[857]
4623 4450 4044 12:[857, 872]
4622 4019 4019 22:[857]
4621 3996 3996 12:[857, 872]
4620 4003 4003 12:[857]
4619 3949 3949 18:[857, 875]
4618 3935 3935 14:[857]
4617 3626 3626 15:[857, 871]
4616 3649 3606 24:[857, 874]
4615 3567 3567 12:[857, 871]
4614 3574 3574 12:[857]
4613 3204 3204 12:[857]
4612 3589 2486 12:[857, 859]
4611 940 940 12:[857]
4639 4447 4447 17:[858, 859]
4638 4449 4449 21:[858, 872]
4637 4451 4451 14:[858, 872]
4636 4457 4457 17:[858, 914]
4635 4458 4458 14:[858, 897]
4634 4247 4051 17:[858, 864]
4633 3630 4057 18:[858, 899]
4632 4015 4015 17:[858, 872]
4631 3276 3276 17:[858]
4652 4482 4506 10:[859, 872]
4651 4460 4460 20:[859]
4650 4461 4461 10:[859]
4649 4463 4463 19:[859, 913]
4648 4465 4465 13:[859, 873]
4647 4467 4467 19:[859]
4646 4471 4471 19:[859, 908]
4645 4021 4021 19:[859, 870]
4644 4028 4028 19:[859]
4643 4010 4010 16:[859, 902]
4642 3217 3217 19:[859]
4641 2837 2837 19:[859, 882]
4640 1780 1780 19:[859, 873]
4679 2503 4512 16:[860]
4678 2879 4507 15:[860, 876]
4677 4474 4474 12:[860]
4676 4475 4475 12:[860, 870]
4675 4480 4480 21:[860, 864]
4674 4484 4484 15:[860]
4673 4488 4488 12:[860]
4672 4138 4100 7:[860]
4671 4072 4072 10:[860]
4670 4034 4034 12:[860, 893]
4669 4036 4036 12:[860]
4668 4041 4041 12:[860, 874]
4667 3598 3598 12:[860, 893]
4666 3599 3599 12:[860, 883]
4665 3608 3608 12:[860, 888]
4664 3314 3314 9:[860, 861]
4663 3243 3243 12:[860]
4662 3244 3244 12:[860]
4661 2853 2853 12:[860, 911]
4660 2857 2857 12:[860, 866]
4659 2480 2480 12:[860, 869]
4658 2493 2493 12:[860, 883]
4657 2498 2498 12:[860, 881]
4656 2257 2257 13:[860, 885]
4655 2126 2126 12:[860]
4654 2143 2143 12:[860]
4653 1809 1809 12:[860, 904]
4691 4519 4519 19:[861, 878]
4690 4489 4489 11:[861, 864]
4689 4490 4490 17:[861, 875]
4688 4495 4495 17:[861, 893]
4687 4501 4501 17:[861, 871]
4686 4502 4502 15:[861]
4685 4070 4070 17:[861, 874]
4684 4050 4050 17:[861]
4683 4493 3747 17:[861, 875]
4682 3617 3617 17:[861, 888]
4681 3631 3631 17:[861]
4680 2339 2339 11:[861]
4702 3665 4547 22:[862, 879]
4701 4503 4503 19:[862, 897]
4700 4510 4510 13:[862, 898]
4699 4454 4454 21:[862]
4698 3686 4115 10:[862, 874]
4697 3645 4117 10:[862, 867]
4696 4065 4065 10:[862]
4695 4066 4066 10:[862]
4694 3632 3632 10:[862]
4693 3639 3639 10:[862, 879]
4692 2157 2157 10:[862, 869]
4719 2552 4555 15:[863, 869]
4718 4542 4542 22:[863, 879]
4717 4513 4513 17:[863]
4716 4516 4516 15:[863, 877]
4715 4518 4518 23:[863, 865]
4714 4504 4504 16:[863]
4713 4265 4265 16:[863, 871]
4712 4089 4125 15:[863, 880]
4711 4129 4126 15:[863]
4710 3284 4132 15:[863]
4709 4073 4073 15:[863, 877]
4708 3735 3735 16:[863, 875]
4707 3708 3708 11:[863, 878]
4706 4181 3650 11:[863]
4705 3651 3651 15:[863, 906]
4704 2519 2519 8:[863, 866]
4703 2521 2521 12:[863, 892]
4737 4520 4520 17:[864, 907]
4736 4522 4522 17:[864, 909]
4735 4523 4523 17:[864, 876]
4734 4524 4524 17:[864, 891]
4733 4526 4526 17:[864, 897]
4732 4527 4527 17:[864, 878]
4731 4534 4534 17:[864, 880]
4730 4535 4535 17:[864, 891]
4729 4120 4536 18:[864, 878]
4728 4081 4081 17:[864]
4727 4084 4084 17:[864]
4726 4093 4093 17:[864, 898]
4725 3813 3701 18:[864]
4724 3652 3652 8:[864, 911]
4723 3657 3657 17:[864]
4722 3661 3661 17:[864]
4721 3280 3280 17:[864, 889]
4720 1520 1520 11:[864]
4751 3715 4577 13:[865, 867]
4750 4544 4544 10:[865, 879]
4749 4103 4103 22:[865, 885]
4748 4108 4108 19:[865]
4747 4113 4113 10:[865]
4746 4114 4114 10:[865, 903]
4745 3832 3832 12:[865]
4744 3668 3668 10:[865, 885]
4743 3679 3679 22:[865, 872]
4742 3298 3298 10:[865]
4741 2900 2900 10:[865]
4740 2914 2914 10:[865, 879]
4739 2564 2564 13:[865]
4738 1852 1852 10:[865, 866]
4766 4558 4558 15:[866]
4765 4563 4563 15:[866, 912]
4764 4564 4564 15:[866, 883]
4763 4565 4565 18:[866, 869]
4762 2613 4159 15:[866, 869]
4761 3742 4121 15:[866, 879]
4760 4123 4123 15:[866]
4759 4128 4128 15:[866, 874]
4758 4130 4130 15:[866, 880]
4757 4131 4131 15:[866, 880]
4756 4556 4097 18:[866, 904]
4755 4064 4064 14:[866, 880]
4754 3746 3746 9:[866, 881]
4753 3689 3689 15:[866, 909]
4752 1992 1992 9:[866]
4771 4569 4569 20:[867, 881]
4770 4137 4137 20:[867]
4769 4102 4102 14:[867]
4768 3706 3706 20:[867, 903]
4767 3420 3420 11:[867]
4782 4205 4621 13:[868]
4781 4572 4572 22:[868]
4780 3715 4577 13:[868, 915]
4779 4582 4582 13:[868]
4778 4610 4182 13:[868]
4777 2964 4140 19:[868, 884]
4776 4141 4141 22:[868]
4775 4144 4144 22:[868]
4774 4101 4101 19:[868, 893]
4773 3638 3638 16:[868]
4772 116 116 7:[868, 888]
4804 4624 4624 14:[869]
4803 4583 4583 15:[869, 894]
4802 4584 4584 15:[869, 892]
4801 4585 4585 16:[869, 898]
4800 4589 4589 15:[869, 883]
4799 4591 4591 18:[869]
4798 4594 4594 20:[869, 871]
4797 4207 4207 21:[869, 874]
4796 4150 4150 15:[869, 871]
4795 4152 4152 15:[869]
4794 4154 4154 15:[869]
4793 4616 4156 15:[869, 883]
4792 4158 4158 15:[869]
4791 4162 4162 15:[869, 912]
4790 4166 4166 15:[869]
4789 4595 3768 18:[869, 903]
4788 3733 3733 15:[869, 888]
4787 3738 3738 12:[869, 883]
4786 3739 3739 15:[869, 886]
4785 2949 2949 15:[869]
4784 2223 2223 15:[869]
4783 1564 1564 15:[869, 883]
4815 4632 4632 18:[870, 893]
4814 4599 4599 18:[870]
4813 4602 4602 8:[870, 912]
4812 4604 4604 24:[870, 897]
4811 4609 4609 17:[870]
4810 4250 4250 11:[870, 891]
4809 3753 3753 20:[870, 890]
4808 3360 3360 14:[870]
4807 3361 3361 20:[870, 914]
4806 3327 3327 17:[870, 884]
4805 3745 3245 11:[870, 906]
4832 4224 4663 13:[871, 879]
4831 4252 4672 8:[871]
4830 4611 4611 13:[871, 885]
4829 4613 4613 13:[871]
4828 4614 4614 13:[871]
4827 4625 4625 13:[871]
4826 4628 4628 16:[871]
4825 4629 4629 16:[871]
4824 4630 4630 23:[871]
4823 4178 4178 13:[871]
4822 4180 4180 13:[871, 885]
4821 4183 4183 13:[871]
4820 4187 4187 16:[871]
4819 4190 4190 13:[871, 901]
4818 2004 3788 13:[871]
4817 3755 3755 13:[871]
4816 2975 2975 13:[871, 885]
4843 4220 4682 18:[872]
4842 4658 4658 13:[872, 880]
4841 4668 4668 13:[872, 895]
4840 4631 4631 18:[872, 881]
4839 4633 4633 19:[872, 908]
4838 4635 4635 15:[872, 891]
4837 4636 4636 18:[872, 892]
4836 4618 4618 15:[872, 883]
4835 4198 4198 18:[872, 898]
4834 4661 3806 16:[872, 877]
4833 4230 3023 18:[872]
4854 4641 4641 20:[873]
4853 4642 4642 20:[873, 898]
4852 4647 4647 20:[873]
4851 4649 4649 20:[873, 909]
4850 4202 4202 20:[873]
4849 4204 4204 20:[873, 906]
4848 4197 4197 17:[873, 908]
4847 4164 4164 22:[873, 877]
4846 2400 3742 15:[873, 900]
4845 2627 2627 11:[873]
4844 269 269 10:[873]
4876 4330 4707 12:[874, 875]
4875 4653 4653 13:[874]
4874 4655 4655 13:[874]
4873 4656 4656 14:[874, 875]
4872 4657 4657 13:[874]
4871 4669 4669 13:[874]
4870 4670 4670 13:[874]
4869 4674 4674 16:[874, 888]
4868 4679 4679 17:[874, 900]
4867 4226 4226 13:[874, 909]
4866 4227 4227 13:[874]
4865 4231 4231 13:[874]
4864 3880 3880 16:[874, 912]
4863 3784 3784 13:[874, 880]
4862 3787 3787 13:[874]
4861 4698 3729 12:[874, 876]
4860 3384 3384 13:[874]
4859 3385 3385 13:[874]
4858 3391 3391 13:[874, 885]
4857 3392 3392 13:[874]
4856 3260 3260 10:[874]
4855 3387 2998 13:[874, 888]
4891 4186 4724 9:[875, 893]
4890 4509 4725 19:[875, 884]
4889 3825 4728 18:[875]
4888 4680 4680 12:[875]
4887 4684 4684 18:[875]
4886 4681 4282 18:[875, 912]
4885 4255 4255 11:[875, 915]
4884 4236 4236 15:[875, 909]
4883 4239 4239 18:[875]
4882 4240 4240 18:[875, 889]
4881 4241 4241 18:[875, 908]
4880 4243 4243 18:[875]
4879 4247 4247 18:[875]
4878 4195 4195 23:[875, 906]
4877 3525 3525 20:[875, 894]
4899 4693 4693 11:[876, 879]
4898 4694 4694 11:[876]
4897 4696 4696 11:[876, 879]
4896 4700 4700 14:[876, 900]
4895 4701 4701 20:[876, 883]
4894 4258 4258 11:[876]
4893 3807 3807 11:[876]
4892 2774 2774 19:[876]
4916 3520 4754 10:[877, 890]
4915 4705 4705 16:[877, 906]
4914 4710 4710 16:[877, 911]
4913 4711 4711 16:[877, 913]
4912 4712 4712 16:[877]
4911 4457 4457 17:[877, 881]
4910 4327 4327 11:[877, 906]
4909 4294 4294 12:[877, 904]
4908 4274 4274 14:[877]
4907 4264 4264 13:[877, 878]
4906 4267 4267 16:[877]
4905 4268 4268 16:[877]
4904 4269 4269 16:[877, 891]
4903 4201 4201 12:[877]
4902 4203 4203 20:[877, 900]
4901 4717 3884 16:[877]
4900 2307 2307 13:[877]
4929 4726 4726 18:[878]
4928 4727 4727 18:[878]
4927 4731 4731 18:[878]
4926 4736 4736 18:[878]
4925 4737 4737 18:[878]
4924 4714 4714 17:[878]
4923 4273 4273 18:[878]
4922 4281 4281 18:[878, 902]
4921 4283 4283 18:[878]
4920 4286 4286 18:[878, 888]
4919 3821 3821 20:[878]
4918 3473 3473 21:[878]
4917 3425 3425 12:[878, 892]
4941 4739 4739 14:[879]
4940 4741 4741 11:[879]
4939 4742 4742 11:[879]
4938 4292 4292 11:[879]
4937 4303 4303 11:[879]
4936 4253 4253 17:[879]
4935 3851 3851 11:[879, 897]
4934 3857 3857 11:[879, 893]
4933 3828 3828 21:[879]
4932 4756 3705 18:[879, 899]
4931 3446 3446 11:[879, 908]
4930 3061 3061 11:[879]
4954 4752 4752 10:[880, 900]
4953 4753 4753 16:[880, 914]
4952 4766 4766 16:[880]
4951 4363 4363 16:[880]
4950 4357 4347 17:[880]
4949 4314 4314 16:[880, 885]
4948 4318 4318 16:[880]
4947 3918 3918 10:[880, 892]
4946 3878 3878 16:[880, 899]
4945 3824 3824 11:[880, 897]
4944 3074 3074 16:[880]
4943 3084 3084 16:[880, 902]
4942 2696 2696 16:[880, 892]
4962 4811 4810 12:[881, 891]
4961 4768 4768 21:[881, 893]
4960 4770 4770 21:[881, 907]
4959 4376 4376 15:[881]
4958 4346 4345 18:[881]
4957 3892 3892 9:[881]
4956 4353 3510 12:[881, 898]
4955 3093 3093 9:[881, 895]
4970 4809 4809 21:[882, 905]
4969 4815 4815 19:[882, 905]
4968 4774 4774 20:[882, 908]
4967 4782 4782 14:[882]
4966 4332 4332 14:[882]
4965 4265 4265 16:[882]
4964 3855 3855 15:[882]
4963 4799 3379 11:[882]
4986 4785 4785 16:[883]
4985 4789 4789 19:[883]
4984 4791 4791 16:[883, 897]
4983 4792 4792 16:[883, 894]
4982 4794 4794 16:[883]
4981 3942 4385 19:[883, 906]
4980 4352 4352 16:[883]
4979 4360 4360 19:[883]
4978 3901 3901 16:[883]
4977 3903 3903 16:[883]
4976 3907 3907 16:[883]
4975 3487 3487 16:[883, 892]
4974 3111 3111 16:[883]
4973 2733 2733 16:[883]
4972 2565 2565 10:[883, 913]
4971 4831 1730 7:[883]
5000 4841 4841 14:[884, 892]
4999 4805 4805 12:[884]
4998 4807 4807 21:[884]
4997 4812 4812 25:[884, 904]
4996 4813 4813 9:[884]
4995 4410 4410 25:[884]
4994 4325 4325 15:[884]
4993 4056 4056 19:[884, 913]
4992 3922 3922 12:[884, 911]
4991 3495 3495 9:[884]
4990 3498 3498 21:[884]
4989 3509 3509 18:[884, 906]
4988 4825 3401 11:[884]
4987 2754 2754 21:[884, 906]
5017 4820 4820 17:[885, 902]
5016 4821 4821 14:[885, 911]
5015 4823 4823 14:[885]
5014 4824 4824 24:[885, 888]
5013 4827 4827 14:[885, 895]
5012 3306 4402 14:[885, 904]
5011 4372 4372 14:[885, 890]
5010 4373 4373 14:[885, 889]
5009 4379 4379 14:[885]
5008 4380 4380 17:[885]
5007 3932 3932 14:[885]
5006 3512 3512 14:[885]
5005 3519 3519 14:[885]
5004 3139 3139 14:[885, 904]
5003 2770 2770 14:[885, 899]
5002 2393 2393 14:[885, 890]
5001 2051 2051 14:[885]
5026 2765 4848 18:[886]
5025 4835 4835 19:[886]
5024 4843 4843 19:[886]
5023 4446 4446 12:[886]
5022 4414 4414 14:[886]
5021 4384 4384 16:[886, 908]
5020 4389 4389 21:[886, 908]
5019 4027 4027 13:[886]
5018 4419 3979 7:[886]
5033 4845 4845 12:[887]
5032 4849 4849 21:[887, 893]
5031 4850 4850 21:[887]
5030 4853 4853 21:[887]
5029 4871 3991 12:[887]
5028 3527 3527 21:[887, 907]
5027 4860 2258 18:[887, 906]
5054 4914 4900 14:[888]
5053 4441 4901 17:[888, 891]
5052 3987 4903 13:[888]
5051 4915 4905 17:[888, 902]
5050 4856 4856 11:[888]
5049 4862 4862 14:[888]
5048 4875 4875 14:[888, 902]
5047 4889 4451 14:[888, 903]
5046 4437 4437 15:[888]
5045 4422 4422 20:[888, 898]
5044 4404 4404 14:[888, 902]
5043 4418 4418 14:[888]
5042 4420 4420 17:[888, 891]
5041 4046 4046 13:[888]
5040 3961 3961 14:[888]
5039 3625 3625 11:[888]
5038 3537 3537 14:[888]
5037 3544 3544 15:[888]
5036 3180 3180 14:[888]
5035 2426 2426 14:[888]
5034 1427 1427 14:[888]
5065 4910 4928 19:[889]
5064 4879 4879 19:[889]
5063 4883 4883 19:[889]
5062 4884 4884 16:[889, 903]
5061 4887 4887 19:[889, 912]
5060 4480 4480 21:[889, 903]
5059 4427 4427 19:[889, 900]
5058 4388 4388 24:[889]
5057 3984 3984 16:[889, 906]
5056 3276 3276 17:[889]
5055 3199 3199 19:[889]
5081 4941 4933 22:[890, 906]
5080 4917 4937 12:[890]
5079 4893 4893 12:[890]
5078 4894 4894 12:[890]
5077 4898 4898 12:[890]
5076 4447 4447 17:[890]
5075 3995 3995 12:[890]
5074 3997 3997 15:[890]
5073 4003 4003 12:[890]
5072 4004 4004 12:[890, 893]
5071 4908 3735 16:[890, 904]
5070 3567 3567 12:[890, 904]
5069 3572 3572 10:[890]
5068 4396 3243 12:[890, 907]
5067 3052 3052 15:[890]
5066 1185 1185 12:[890, 902]
5095 4620 4969 20:[891, 904]
5094 4465 4970 22:[891]
5093 3708 4947 11:[891, 909]
5092 4463 4951 17:[891]
5091 4912 4912 17:[891, 913]
5090 4171 4493 17:[891, 908]
5089 4482 4482 11:[891, 903]
5088 4072 4072 10:[891, 904]
5087 3630 4057 18:[891]
5086 4015 4015 17:[891, 911]
5085 3813 3813 10:[891]
5084 3581 3581 22:[891]
5083 3314 3314 9:[891]
5082 3024 3024 18:[891]
5108 4918 4918 22:[892, 903]
5107 4919 4919 21:[892]
5106 4922 4922 19:[892]
5105 4925 4925 19:[892]
5104 4926 4926 19:[892]
5103 4927 4927 19:[892, 903]
5102 4954 4505 10:[892]
5101 4473 4473 12:[892, 912]
5100 4449 4449 21:[892, 906]
5099 4181 4181 12:[892]
5098 4021 4021 19:[892]
5097 3217 3217 19:[892, 906]
5096 1780 1780 19:[892, 906]
5130 4936 4936 18:[893]
5129 4938 4938 12:[893]
5128 4940 4940 12:[893]
5127 4495 4495 17:[893]
5126 4474 4474 12:[893]
5125 4476 4476 12:[893]
5124 4484 4484 15:[893]
5123 4486 4486 12:[893]
5122 4488 4488 12:[893, 912]
5121 4466 4466 22:[893, 914]
5120 4070 4070 17:[893]
5119 4041 4041 12:[893, 907]
5118 4010 4010 16:[893]
5117 3949 3949 18:[893]
5116 3606 3606 24:[893, 910]
5115 3609 3609 24:[893, 907]
5114 3244 3244 12:[893, 907]
5113 2857 2857 12:[893, 907]
5112 2480 2480 12:[893]
5111 2498 2498 12:[893]
5110 2143 2143 12:[893]
5109 1809 1809 12:[893]
5141 4186 4971 8:[894]
5140 4943 4943 17:[894]
5139 4945 4945 12:[894]
5138 4948 4948 17:[894, 897]
5137 4909 4909 13:[894]
5136 4490 4490 17:[894, 908]
5135 4494 4494 17:[894, 908]
5134 4496 4496 17:[894]
5133 3935 3935 14:[894, 908]
5132 4100 3652 8:[894]
5131 3617 3617 17:[894, 910]
5153 4956 4956 13:[895]
5152 4958 4958 19:[895]
5151 4902 4902 21:[895]
5150 4985 4592 26:[895]
5149 4507 4579 13:[895, 912]
5148 4506 4506 10:[895]
5147 4065 4065 10:[895, 909]
5146 4066 4066 10:[895, 915]
5145 3632 3632 10:[895]
5144 2879 2879 10:[895]
5143 2157 2157 10:[895]
5142 4250 116 7:[895]
5163 4533 5007 15:[896, 897]
5162 4997 5016 15:[896, 899]
5161 4966 4966 15:[896, 910]
5160 4967 4967 15:[896]
5159 4995 4604 24:[896]
5158 4514 4514 18:[896]
5157 3645 3645 15:[896, 912]
5156 4512 3037 17:[896]
5155 2519 2519 8:[896, 902]
5154 2521 2521 12:[896]
5178 4974 4974 17:[897]
5177 4978 4978 17:[897]
5176 4982 4982 17:[897]
5175 4986 4986 17:[897, 906]
5174 4946 4570 19:[897]
5173 4526 4526 17:[897]
5172 4531 4531 20:[897]
5171 4504 4504 16:[897, 911]
5170 4489 4489 11:[897]
5169 4087 4087 17:[897, 911]
5168 4089 4089 17:[897]
5167 3657 3657 17:[897]
5166 3660 3660 17:[897]
5165 3661 3661 17:[897]
5164 3284 3284 17:[897]
5195 5018 5018 8:[898]
5194 4987 4987 22:[898, 914]
5193 4988 4988 12:[898]
5192 4989 4989 19:[898]
5191 4990 4990 22:[898]
5190 4991 4991 10:[898]
5189 4999 4627 13:[898, 912]
5188 4596 4577 13:[898]
5187 4554 4554 10:[898, 903]
5186 4207 4207 21:[898]
5185 4103 4103 22:[898]
5184 4113 4113 10:[898]
5183 4117 4117 10:[898]
5182 3665 3665 10:[898]
5181 2900 2900 10:[898, 914]
5180 2914 2914 10:[898]
5179 1852 1852 10:[898]
5215 4591 5035 15:[899]
5214 4154 5049 15:[899]
5213 5004 5004 15:[899]
5212 5005 5005 15:[899]
5211 5006 5006 15:[899]
5210 5009 5009 15:[899]
5209 5017 5017 18:[899, 910]
5208 4963 4963 12:[899]
5207 3701 4584 15:[899]
5206 4555 4555 15:[899]
5205 4232 4232 24:[899]
5204 4142 4167 13:[899]
5203 4124 4124 15:[899]
5202 4125 4125 15:[899, 900]
5201 4129 4129 15:[899]
5200 4130 4130 15:[899, 914]
5199 4132 4132 15:[899]
5198 3688 3688 15:[899, 913]
5197 3689 3689 15:[899, 913]
5196 2552 2552 15:[899]
5228 2493 5057 17:[900]
5227 5041 5041 14:[900, 914]
5226 5019 5019 14:[900, 911]
5225 5020 5020 22:[900]
5224 5021 5021 17:[900]
5223 5025 5025 20:[900, 902]
5222 5026 5026 19:[900, 915]
5221 4624 4624 14:[900]
5220 4511 4599 18:[900]
5219 4569 4569 20:[900]
5218 4206 4206 21:[900]
5217 4137 4137 20:[900, 906]
5216 3706 3706 20:[900]
5239 5073 5068 13:[901]
5238 4594 5074 16:[901]
5237 4182 5075 13:[901]
5236 5028 5028 22:[901]
5235 5029 5029 13:[901, 902]
5234 3755 4611 13:[901]
5233 3742 4188 13:[901]
5232 4141 4141 22:[901]
5231 4102 4102 14:[901]
5230 4064 4064 14:[901, 915]
5229 4571 3225 10:[901]
5256 5037 5037 16:[902, 911]
5255 5038 5038 15:[902]
5254 5040 5040 15:[902]
5253 5046 5046 16:[902]
5252 5047 5047 15:[902]
5251 5052 5052 14:[902]
5250 5054 5054 15:[902]
5249 4628 4628 16:[902, 914]
5248 4583 4583 15:[902, 913]
5247 4585 4585 16:[902]
5246 4589 4589 15:[902]
5245 4150 4150 15:[902]
5244 4152 4152 15:[902]
5243 4166 4166 15:[902]
5242 3733 3733 15:[902]
5241 3738 3738 12:[902, 904]
5240 3739 3739 15:[902]
5268 5064 5064 20:[903]
5267 4649 4649 20:[903]
5266 4631 4631 18:[903]
5265 4622 4622 23:[903]
5264 4595 4595 20:[903]
5263 4600 4600 20:[903]
5262 4602 4602 8:[903, 906]
5261 5065 4327 11:[903]
5260 4224 4224 13:[903]
5259 3360 3360 14:[903, 910]
5258 3361 3361 20:[903]
5257 2964 2964 20:[903, 911]
5281 4674 5124 16:[904]
5280 4644 5127 18:[904, 906]
5279 5067 5067 16:[904]
5278 5077 5077 13:[904, 907]
5277 5080 5080 13:[904]
5276 5079 4673 13:[904, 912]
5275 4651 4651 21:[904]
5274 4613 4613 13:[904]
5273 4614 4614 13:[904, 910]
5272 4625 4625 13:[904, 905]
5271 4177 4177 13:[904]
5270 4183 4183 13:[904]
5269 3327 3327 17:[904]
5288 5082 5082 19:[905]
5287 5083 5083 10:[905]
5286 5087 5087 19:[905]
5285 5092 5092 18:[905]
5284 5093 5093 12:[905]
5283 4680 4680 12:[905]
5282 4339 4339 13:[905]
5297 5098 5098 20:[906]
5296 5104 5104 20:[906]
5295 5106 5106 20:[906]
5294 5107 5107 22:[906]
5293 4686 4695 11:[906]
5292 4642 4642 20:[906]
5291 4650 4650 11:[906]
5290 4200 4200 20:[906]
5289 2627 2627 11:[906]
5325 5109 5109 13:[907]
5324 5112 5112 13:[907]
5323 5116 5116 25:[907]
5322 5117 5117 19:[907]
5321 5118 5118 17:[907]
5320 5121 5121 23:[907]
5319 5123 5123 13:[907]
5318 5126 5126 13:[907]
5317 5129 5129 13:[907]
5316 4655 4655 13:[907]
5315 4661 4661 13:[907]
5314 4663 4663 13:[907]
5313 4669 4669 13:[907]
5312 4677 4677 13:[907]
5311 4679 4679 17:[907]
5310 4277 4277 18:[907, 914]
5309 4254 4254 9:[907]
5308 4220 4220 13:[907]
5307 4221 4221 13:[907]
5306 4227 4227 13:[907]
5305 4231 4231 13:[907]
5304 4197 4197 17:[907]
5303 3877 3877 16:[907]
5302 3787 3787 13:[907]
5301 4694 3762 15:[907]
5300 3387 3387 13:[907]
5299 3392 3392 13:[907]
5298 2998 2998 13:[907]
5334 4710 5164 18:[908]
5333 5131 5131 18:[908]
5332 5134 5134 18:[908]
5331 5139 5139 13:[908, 912]
5330 5132 4724 9:[908]
5329 4681 4681 18:[908]
5328 4684 4684 18:[908]
5327 4239 4239 18:[908]
5326 4240 4240 18:[908]
5342 5154 5142 8:[909]
5341 5143 5143 11:[909]
5340 5144 5144 11:[909]
5339 5150 5150 27:[909, 911]
5338 5153 5153 14:[909]
5337 4722 4748 20:[909]
5336 5169 4714 17:[909]
5335 4696 4696 11:[909]
5354 4736 5203 16:[910, 912]
5353 4410 5205 25:[910]
5352 5156 5156 18:[910]
5351 5157 5157 16:[910]
5350 5158 5158 19:[910]
5349 5159 5159 25:[910]
5348 4711 4711 16:[910]
5347 4717 4717 18:[910]
5346 4268 4268 16:[910]
5345 4269 4269 16:[910]
5344 3825 3825 13:[910, 915]
5343 3473 3473 21:[910]
5370 5215 5219 21:[911]
5369 5166 5166 18:[911]
5368 5167 5167 18:[911]
5367 5168 5168 18:[911]
5366 5173 5173 18:[911]
5365 5177 5177 18:[911]
5364 5137 5137 14:[911]
5363 4767 4767 12:[911]
5362 4720 4720 12:[911]
5361 4727 4727 18:[911]
5360 4273 4273 18:[911]
5359 4283 4283 18:[911]
5358 3520 3520 10:[911]
5357 3425 3425 12:[911]
5356 3260 3260 10:[911]
5355 2145 2145 6:[911]
5388 4778 5237 14:[912]
5387 5179 5179 11:[912]
5386 5181 5181 11:[912]
5385 5183 5183 11:[912]
5384 5184 5184 11:[912]
5383 5185 5185 23:[912]
5382 5190 5190 11:[912]
5381 5197 4779 14:[912]
5380 4741 4741 11:[912]
5379 4742 4742 11:[912]
5378 4747 4747 11:[912]
5377 4831 4446 12:[912]
5376 4292 4292 11:[912]
5375 4302 4302 11:[912]
5374 4056 4056 19:[912]
5373 3851 3851 11:[912]
5372 3857 3857 11:[912]
5371 2685 2685 11:[912]
5403 5196 5196 16:[913]
5402 5199 5199 16:[913]
5401 5201 5201 16:[913]
5400 5207 5207 16:[913]
5399 4332 5208 13:[913]
5398 5212 5212 16:[913]
5397 5214 5214 16:[913]
5396 5151 5151 22:[913]
5395 4342 4784 16:[913]
5394 5233 4792 16:[913]
5393 4760 4760 16:[913]
5392 4766 4766 16:[913]
5391 4314 4314 16:[913]
5390 3872 3872 16:[913]
5389 3074 3074 16:[913]
5406 5216 5216 21:[914]
5405 5218 5218 22:[914]
5404 5220 5220 19:[914]
5413 5232 5232 23:[915]
5412 5238 5238 17:[915]
5411 5239 5239 14:[915]
5410 4965 4965 17:[915]
5409 4782 4782 14:[915]
5408 4799 4380 17:[915]
5407 3824 3824 11:[915]
